16 16
7 6 6 6 6 6 6 6 6 6 6 6 6 6 6 6 6 1 15 22 
25 23 24 25 23 25 25 25 25 25 23 23 23 24 25 23 24 1 13 26 
11 10 10 10 10 10 10 10 10 10 10 10 10 10 10 10 10 1 10 57 
18 17 17 17 17 17 17 17 17 17 17 17 17 17 17 17 17 1 10 77 
20 19 20 20 19 20 20 20 20 19 20 19 19 20 19 20 19 1 15 21 
39 37 39 37 37 39 38 38 39 37 39 38 39 39 38 38 37 1 13 77 
25 25 24 23 25 25 23 25 23 25 25 23 23 23 24 25 24 2 15 94 12 78 
9 8 8 8 8 8 8 8 8 8 8 8 8 8 8 8 8 2 15 83 12 45 
29 29 27 27 27 27 28 29 27 29 28 28 27 27 27 28 28 2 15 16 10 73 
18 17 17 17 17 17 17 17 17 17 17 17 17 17 17 17 17 0  
30 29 30 30 30 28 30 29 29 29 30 30 28 29 28 29 30 0  
33 31 32 32 32 33 33 33 32 33 32 33 31 31 33 32 32 0  
3 2 2 2 2 2 2 2 2 2 2 2 2 2 2 2 2 0  
6 5 5 5 5 5 5 5 5 5 5 5 5 5 5 5 5 0  
8 7 7 7 7 7 7 7 7 7 7 7 7 7 7 7 7 0  
39 39 37 37 38 39 39 38 37 38 38 38 37 39 38 38 38 0  

taskCount: 16 | processorsCount: 16 | shape: 2 | outDegree: 2 | comCompRatio: 1 | compCostRange: 0,1 | height: 2
