128 12
36 35 36 36 35 35 35 36 34 36 36 35 34 4 119 97 25 18 98 75 82 62 
6 5 5 5 5 5 5 5 5 5 5 5 5 4 39 55 20 84 85 41 52 15 
26 25 26 25 26 24 26 24 26 26 25 24 24 4 97 42 57 55 6 30 62 42 
11 10 10 10 10 10 10 10 10 10 10 10 10 4 18 9 17 47 119 65 24 48 
10 9 9 9 9 9 9 9 9 9 9 9 9 4 32 64 126 31 100 64 6 63 
2 1 1 1 1 1 1 1 1 1 1 1 1 3 114 84 35 42 44 32 
32 31 30 31 30 31 32 30 30 31 30 32 30 4 44 84 17 54 124 62 75 38 
9 8 8 8 8 8 8 8 8 8 8 8 8 3 37 61 106 27 30 79 
17 16 16 16 16 16 16 16 16 16 16 16 16 3 89 55 61 76 13 53 
26 26 26 25 24 26 26 26 26 24 26 24 24 4 63 99 48 99 23 49 46 88 
18 17 17 17 17 17 17 17 17 17 17 17 17 4 122 59 37 71 126 17 68 5 
18 17 17 17 17 17 17 17 17 17 17 17 17 4 68 49 20 98 76 46 85 26 
20 19 19 19 20 20 20 19 19 19 20 19 19 4 98 10 31 96 15 57 83 36 
23 21 22 23 21 23 23 22 23 21 22 23 23 4 36 87 123 49 58 82 94 11 
11 10 10 10 10 10 10 10 10 10 10 10 10 4 121 55 123 16 65 3 75 57 
31 29 31 31 29 31 30 31 29 31 30 29 31 3 54 2 58 20 67 64 
1 0 0 0 0 0 0 0 0 0 0 0 0 4 79 30 42 44 92 53 30 21 
11 10 10 10 10 10 10 10 10 10 10 10 10 4 127 8 118 68 59 62 117 95 
23 21 22 21 23 23 21 22 21 22 22 23 23 4 24 11 29 93 105 95 99 60 
12 11 11 11 11 11 11 11 11 11 11 11 11 4 40 73 78 78 48 55 86 67 
29 29 29 27 29 29 28 29 27 29 29 29 29 4 58 96 72 36 48 42 51 27 
13 12 12 12 12 12 12 12 12 12 12 12 12 4 89 76 84 42 109 39 114 97 
37 35 36 35 35 37 37 36 35 37 37 35 36 4 76 77 64 18 74 47 120 86 
23 22 21 21 23 22 21 23 22 22 22 23 22 4 125 94 28 55 48 63 38 11 
34 32 34 33 34 32 34 33 33 34 33 34 32 4 28 94 116 8 108 4 66 89 
7 6 6 6 6 6 6 6 6 6 6 6 6 4 86 70 54 6 41 99 70 83 
8 7 7 7 7 7 7 7 7 7 7 7 7 4 34 66 116 35 33 47 39 57 
38 36 38 37 37 38 37 36 37 37 36 38 38 3 119 6 59 67 81 3 
4 3 3 3 3 3 3 3 3 3 3 3 3 2 57 26 99 87 
6 5 5 5 5 5 5 5 5 5 5 5 5 3 91 62 114 98 115 33 
14 13 13 13 13 13 13 13 13 13 13 13 13 4 68 93 50 37 58 95 98 38 
13 12 12 12 12 12 12 12 12 12 12 12 12 4 64 43 63 7 35 11 48 12 
29 28 28 27 28 28 28 27 29 27 29 27 29 3 114 41 47 82 122 18 
21 21 19 20 20 19 19 20 21 21 21 20 21 4 94 81 65 26 46 70 68 82 
24 22 24 23 23 24 22 23 24 22 24 22 24 4 54 61 60 33 65 10 92 65 
5 4 4 4 4 4 4 4 4 4 4 4 4 4 81 37 93 15 92 4 102 94 
6 5 5 5 5 5 5 5 5 5 5 5 5 4 102 32 118 9 61 76 54 33 
11 10 10 10 10 10 10 10 10 10 10 10 10 4 47 18 51 68 52 55 96 46 
18 17 17 17 17 17 17 17 17 17 17 17 17 4 119 75 75 29 58 3 116 53 
20 19 20 19 20 20 20 20 20 19 20 20 20 4 85 41 103 62 119 50 63 4 
6 5 5 5 5 5 5 5 5 5 5 5 5 4 78 61 106 88 94 67 111 55 
11 10 10 10 10 10 10 10 10 10 10 10 10 4 113 53 50 80 84 7 119 18 
20 19 20 20 19 19 19 20 20 19 19 20 19 4 84 4 47 65 111 97 69 18 
20 20 20 20 20 19 19 20 19 19 20 19 19 4 105 49 96 17 73 93 122 82 
10 9 9 9 9 9 9 9 9 9 9 9 9 4 51 41 120 59 107 2 88 20 
39 38 37 37 38 37 37 37 39 39 37 37 38 4 123 77 100 84 127 3 49 3 
17 16 16 16 16 16 16 16 16 16 16 16 16 4 73 98 86 83 69 26 125 31 
10 9 9 9 9 9 9 9 9 9 9 9 9 3 99 85 61 51 77 10 
29 27 27 27 27 29 28 27 27 28 28 27 28 4 116 55 49 16 88 63 74 66 
19 18 18 18 18 18 18 18 18 18 18 18 18 3 85 15 64 35 58 40 
14 13 13 13 13 13 13 13 13 13 13 13 13 4 110 54 64 52 99 74 104 35 
32 31 30 30 31 32 32 30 30 30 32 32 30 3 60 80 117 6 110 13 
7 6 6 6 6 6 6 6 6 6 6 6 6 3 116 9 100 79 76 75 
6 5 5 5 5 5 5 5 5 5 5 5 5 4 75 75 101 66 91 20 62 89 
33 31 33 31 31 33 31 33 32 31 32 32 31 3 70 5 98 10 68 9 
23 21 23 21 23 21 22 22 22 22 23 21 23 4 116 10 63 52 94 63 124 89 
8 7 7 7 7 7 7 7 7 7 7 7 7 4 96 76 71 41 59 42 126 92 
2 1 1 1 1 1 1 1 1 1 1 1 1 4 97 50 61 86 119 74 113 19 
17 16 16 16 16 16 16 16 16 16 16 16 16 4 66 77 110 25 89 23 63 76 
2 1 1 1 1 1 1 1 1 1 1 1 1 4 101 5 94 86 122 87 71 31 
33 31 32 31 33 31 31 32 33 33 33 32 32 4 101 27 69 5 83 30 87 65 
34 33 32 32 34 33 33 33 33 33 33 32 34 4 96 14 84 73 125 94 90 84 
4 3 3 3 3 3 3 3 3 3 3 3 3 3 75 22 127 83 121 87 
11 10 10 10 10 10 10 10 10 10 10 10 10 4 95 85 119 50 70 18 109 64 
12 11 11 11 11 11 11 11 11 11 11 11 11 4 104 9 69 7 92 10 98 88 
4 3 3 3 3 3 3 3 3 3 3 3 3 4 115 41 78 3 97 78 108 57 
29 27 28 27 29 27 29 29 29 27 29 29 27 4 110 84 102 63 106 30 80 76 
38 36 36 36 38 38 38 36 38 38 37 37 37 4 94 49 101 12 111 92 96 53 
38 36 37 38 38 36 37 38 38 38 37 38 38 3 92 52 86 32 119 26 
5 4 4 4 4 4 4 4 4 4 4 4 4 3 100 88 89 9 99 21 
24 24 22 22 24 22 24 22 23 24 23 22 23 3 81 40 92 64 98 84 
29 29 28 27 27 28 29 29 27 28 28 28 28 4 94 49 117 80 83 30 121 51 
32 31 30 31 32 31 31 31 30 31 30 30 30 4 79 55 91 40 90 62 114 26 
2 1 1 1 1 1 1 1 1 1 1 1 1 4 127 22 77 7 87 31 90 26 
5 4 4 4 4 4 4 4 4 4 4 4 4 4 104 58 79 76 81 92 106 59 
18 17 17 17 17 17 17 17 17 17 17 17 17 4 84 37 119 82 116 39 111 79 
32 30 32 32 30 31 32 32 32 31 32 32 31 3 114 2 118 30 97 34 
16 15 15 15 15 15 15 15 15 15 15 15 15 3 84 57 101 81 93 13 
13 12 12 12 12 12 12 12 12 12 12 12 12 4 117 88 107 49 124 58 105 89 
34 34 32 33 34 32 33 33 34 32 34 33 34 4 108 9 113 33 90 40 114 69 
30 30 30 30 30 30 29 29 29 28 30 30 29 4 102 48 92 59 112 79 114 32 
37 35 37 36 35 35 37 35 37 35 36 36 37 4 127 85 93 83 88 15 108 23 
8 7 7 7 7 7 7 7 7 7 7 7 7 4 95 27 87 32 84 93 127 87 
24 23 22 23 24 22 22 22 23 23 24 24 23 4 112 97 101 0 125 10 100 55 
31 31 29 30 31 29 29 29 29 30 30 30 30 4 122 56 93 69 106 15 125 41 
21 19 19 20 20 19 19 19 19 19 19 19 21 2 115 68 122 57 
6 5 5 5 5 5 5 5 5 5 5 5 5 4 104 76 94 55 125 39 105 99 
22 22 20 22 22 22 22 21 21 21 22 20 22 4 115 63 122 82 102 95 114 4 
28 27 26 28 28 28 26 28 26 27 26 26 27 4 118 30 124 48 116 22 105 71 
1 0 0 0 0 0 0 0 0 0 0 0 0 3 118 56 95 62 100 5 
36 36 36 36 35 36 35 34 35 36 34 35 35 3 92 81 95 9 97 94 
3 2 2 2 2 2 2 2 2 2 2 2 2 4 113 3 102 96 105 33 112 19 
34 33 34 32 32 33 32 32 33 32 32 33 34 4 126 78 114 50 111 4 97 5 
16 15 15 15 15 15 15 15 15 15 15 15 15 3 99 32 107 64 125 9 
26 26 26 25 24 24 25 25 26 26 25 24 26 4 97 36 101 61 127 92 113 68 
11 10 10 10 10 10 10 10 10 10 10 10 10 2 106 9 123 23 
6 5 5 5 5 5 5 5 5 5 5 5 5 4 118 17 117 57 113 49 102 52 
9 8 8 8 8 8 8 8 8 8 8 8 8 3 122 47 106 4 116 4 
8 7 7 7 7 7 7 7 7 7 7 7 7 4 108 34 100 26 121 82 120 95 
5 4 4 4 4 4 4 4 4 4 4 4 4 3 112 58 123 92 101 10 
10 9 9 9 9 9 9 9 9 9 9 9 9 1 116 60 
18 17 17 17 17 17 17 17 17 17 17 17 17 3 123 86 116 86 126 48 
11 10 10 10 10 10 10 10 10 10 10 10 10 3 119 25 110 83 108 96 
23 21 22 21 22 21 21 21 23 21 23 22 23 4 112 12 126 40 115 92 120 43 
35 33 35 35 34 33 35 34 35 35 35 35 35 4 111 46 121 1 117 44 126 83 
25 23 24 23 23 24 24 24 25 24 24 23 25 4 111 92 126 78 113 12 127 91 
0 0 0 0 0 0 0 0 0 0 0 0 0 3 111 55 110 12 114 27 
4 3 3 3 3 3 3 3 3 3 3 3 3 3 115 47 124 35 118 66 
1 0 0 0 0 0 0 0 0 0 0 0 0 4 120 87 118 61 115 62 121 79 
14 13 13 13 13 13 13 13 13 13 13 13 13 3 123 60 124 91 121 63 
30 29 30 29 30 30 30 30 29 30 29 30 29 1 126 61 
32 30 32 32 32 30 32 32 32 32 30 32 30 1 122 45 
29 29 29 29 27 29 29 28 28 29 29 28 27 3 119 70 122 4 120 32 
22 22 20 20 20 21 21 20 21 21 21 21 20 2 124 4 122 32 
11 10 10 10 10 10 10 10 10 10 10 10 10 3 124 31 119 67 122 46 
36 36 36 34 35 35 34 36 34 34 35 34 34 4 119 94 124 87 123 70 121 60 
26 24 25 24 24 24 26 26 26 25 26 24 26 3 119 38 124 34 125 18 
20 20 20 19 20 20 19 20 20 20 19 19 19 4 127 90 119 93 123 0 121 67 
19 18 18 18 18 18 18 18 18 18 18 18 18 2 126 11 127 13 
30 29 30 30 30 28 28 29 28 30 28 29 30 1 124 63 
38 38 37 36 36 36 36 36 37 37 36 36 38 1 125 70 
6 5 5 5 5 5 5 5 5 5 5 5 5 2 125 34 127 46 
10 9 9 9 9 9 9 9 9 9 9 9 9 2 124 25 127 14 
37 36 37 36 35 36 37 36 37 37 36 35 36 3 126 39 127 56 125 71 
8 7 7 7 7 7 7 7 7 7 7 7 7 0  
20 19 20 20 19 19 19 20 20 19 19 20 19 0  
34 33 34 33 34 32 32 33 33 33 33 32 33 0  
16 15 15 15 15 15 15 15 15 15 15 15 15 0  

taskCount: 128 | processorsCount: 12 | shape: 0,5 | outDegree: 4 | comCompRatio: 1 | compCostRange: 0,1 | height: 24
