32 8
29 28 29 27 29 28 29 27 28 2 11 27 7 47 
17 16 16 16 16 16 16 16 16 2 8 61 6 89 
27 27 27 27 27 25 25 25 25 1 12 95 
36 34 35 36 34 34 35 34 34 1 10 44 
30 29 28 30 30 29 30 28 29 0  
7 6 6 6 6 6 6 6 6 2 10 14 7 73 
22 21 22 22 21 21 22 20 22 0  
6 5 5 5 5 5 5 5 5 0  
27 25 26 26 27 27 27 26 27 0  
26 25 24 24 26 25 25 25 25 0  
7 6 6 6 6 6 6 6 6 0  
11 10 10 10 10 10 10 10 10 0  
39 38 38 38 37 39 38 38 39 0  
31 29 30 31 29 29 29 29 31 0  
15 14 14 14 14 14 14 14 14 0  
8 7 7 7 7 7 7 7 7 0  
35 35 33 33 34 35 35 35 33 0  
3 2 2 2 2 2 2 2 2 0  
30 28 29 29 30 30 29 28 30 0  
13 12 12 12 12 12 12 12 12 0  
2 1 1 1 1 1 1 1 1 0  
18 17 17 17 17 17 17 17 17 0  
21 19 20 21 20 19 21 19 20 0  
37 37 35 37 37 35 36 37 37 0  
25 24 23 25 25 25 23 23 24 0  
27 26 27 27 25 26 26 27 26 0  
32 32 31 31 31 32 31 30 30 0  
26 26 26 24 26 26 26 26 24 0  
30 29 28 29 28 30 28 29 29 0  
27 26 25 26 27 27 25 25 27 0  
38 36 37 36 37 36 36 38 38 0  
0 0 0 0 0 0 0 0 0 0  

taskCount: 32 | processorsCount: 8 | shape: 2 | outDegree: 4 | comCompRatio: 5 | compCostRange: 0,1 | height: 2
