256 12
32 37 36 34 37 37 37 32 29 24 31 36 31 3 82 33 43 76 28 12 
2 1 1 1 1 1 1 1 1 1 1 1 1 2 20 75 107 89 
28 21 28 32 34 25 31 29 30 30 34 30 31 3 118 32 42 57 125 83 
20 22 17 17 23 21 19 17 17 22 19 15 16 3 117 38 14 98 12 26 
36 38 37 27 32 37 35 38 39 29 37 41 39 3 12 76 126 16 120 12 
28 25 24 31 21 22 32 31 24 22 28 22 34 2 27 19 120 28 
8 7 9 6 6 9 8 9 8 6 9 8 7 1 98 89 
32 24 28 32 25 31 34 27 26 33 25 33 34 1 124 17 
15 11 14 13 15 14 15 12 15 15 17 15 12 2 104 37 55 84 
17 15 17 13 18 12 14 17 13 15 17 18 12 2 44 24 87 85 
14 14 14 10 11 10 13 14 14 12 10 10 12 3 82 1 110 48 107 0 
25 19 22 29 23 19 18 30 27 24 28 26 21 5 120 3 115 35 13 62 40 62 117 49 
13 14 13 15 13 9 10 14 9 14 14 15 9 1 80 42 
14 13 13 15 10 16 12 15 12 15 15 10 15 3 78 58 121 74 61 30 
33 34 35 37 37 39 36 37 35 31 32 33 30 3 89 59 75 46 38 36 
15 12 15 11 11 12 12 16 14 17 13 12 14 3 90 81 132 31 109 64 
2 1 1 1 1 1 1 1 1 1 1 1 1 3 53 42 99 57 101 70 
27 28 25 21 32 31 23 23 31 30 28 30 27 0  
16 13 12 14 13 18 15 19 17 13 12 13 13 3 114 40 43 31 85 25 
26 30 26 30 31 21 30 31 30 19 28 24 30 1 92 78 
27 29 27 27 27 32 23 27 32 24 28 27 26 1 136 67 
23 17 20 24 23 21 27 17 25 18 26 26 21 3 113 32 66 38 50 23 
15 15 12 16 15 12 16 11 13 13 14 11 15 2 44 69 76 36 
9 8 6 10 6 8 10 6 9 10 10 9 7 2 95 85 138 65 
27 23 21 25 25 31 22 25 26 20 21 32 23 2 115 44 129 2 
23 27 26 27 19 20 19 22 20 19 25 19 18 3 86 84 53 15 115 37 
34 27 38 38 31 39 40 40 33 36 29 30 33 3 57 30 89 52 48 22 
14 14 16 16 12 13 14 10 15 16 15 15 16 2 71 21 130 90 
12 13 12 9 12 13 14 11 11 12 12 12 10 1 110 68 
19 14 15 18 20 16 17 21 19 19 20 15 16 3 114 88 52 99 92 10 
9 10 10 8 10 8 7 9 6 7 8 6 8 0  
4 4 4 4 3 3 3 4 4 4 4 3 4 3 132 92 72 76 111 65 
18 14 19 15 13 20 13 14 20 19 13 17 20 2 70 90 92 30 
17 16 15 15 15 17 16 18 12 20 16 16 13 1 71 26 
20 15 21 15 21 23 21 18 21 19 20 17 17 2 138 55 118 18 
39 35 29 46 44 34 34 32 34 46 29 41 40 2 104 29 108 91 
26 22 21 28 30 20 31 27 21 23 24 22 31 1 132 76 
39 41 45 43 44 45 33 32 40 46 31 40 38 3 84 2 67 7 106 3 
18 18 19 14 14 17 19 15 18 14 19 21 21 3 128 58 53 39 82 46 
24 21 19 27 20 28 21 24 25 19 20 29 21 2 54 81 114 0 
12 9 10 12 14 13 10 11 11 10 13 14 11 1 81 63 
34 38 33 32 37 38 32 38 27 25 30 38 41 3 87 24 126 45 135 10 
33 34 27 25 28 31 24 26 38 34 32 37 37 2 81 24 109 33 
39 31 44 39 43 38 35 35 43 35 36 32 42 2 117 30 72 14 
31 29 27 37 34 36 23 23 33 34 27 23 27 3 137 57 99 81 112 21 
16 15 18 16 13 19 12 17 12 17 13 16 15 3 116 46 59 54 107 68 
35 26 36 33 27 34 41 32 36 34 36 32 40 3 80 66 85 66 76 90 
17 15 12 12 18 17 13 20 20 18 17 17 18 2 80 32 134 19 
32 34 29 32 29 35 32 24 24 37 28 35 29 1 73 46 
32 27 29 33 30 29 25 38 34 31 35 34 33 2 101 48 111 29 
7 7 6 5 5 7 7 5 6 5 7 5 5 1 96 6 
24 25 25 25 22 28 19 21 25 20 26 29 25 0  
14 15 11 15 10 15 12 14 10 12 12 15 13 4 120 4 78 70 104 89 84 97 
13 11 13 12 13 14 15 9 15 14 13 14 9 3 111 98 107 88 69 63 
0 0 0 0 0 0 0 0 0 0 0 0 0 2 97 60 84 39 
9 10 10 8 10 6 9 6 8 6 7 8 9 4 129 14 80 52 127 76 132 8 
26 23 19 22 30 23 30 20 31 21 29 23 25 1 70 58 
19 19 19 18 15 21 16 20 15 22 21 16 14 3 71 95 66 76 107 30 
32 25 25 29 27 32 32 32 36 36 37 31 33 1 108 60 
13 11 15 14 11 14 13 13 11 12 12 14 10 1 135 2 
34 32 39 41 34 26 26 32 31 27 41 31 39 1 100 99 
34 28 34 34 37 27 36 35 33 41 37 25 26 1 111 79 
19 17 21 18 22 16 15 16 22 17 22 14 18 3 76 93 105 19 70 54 
35 30 41 29 40 26 42 41 34 33 32 38 41 4 86 17 66 45 64 0 112 80 
7 6 5 7 7 7 6 6 7 6 6 7 6 2 117 31 92 45 
9 7 8 9 6 8 10 6 7 10 6 6 7 1 136 71 
7 7 5 5 5 7 7 7 6 7 6 6 7 2 82 10 133 16 
36 42 39 44 32 35 39 41 33 33 40 37 37 3 81 19 79 16 93 11 
33 28 28 38 40 38 35 39 39 28 31 36 32 4 80 84 107 8 113 33 89 21 
33 40 33 39 35 37 39 24 30 39 35 34 30 1 107 69 
29 32 30 30 26 26 30 29 25 25 27 21 28 2 115 97 100 41 
3 2 2 2 2 2 2 2 2 2 2 2 2 2 90 7 80 17 
8 9 9 8 8 6 7 6 8 7 8 6 8 2 103 81 129 46 
31 24 33 35 25 24 25 36 23 37 36 37 29 2 100 82 131 13 
14 15 14 14 10 10 10 13 13 16 13 12 14 3 88 87 131 27 99 68 
32 30 39 27 24 28 29 28 25 34 35 34 37 1 112 35 
29 32 31 21 30 28 31 22 29 21 33 35 29 2 126 72 91 86 
16 19 17 12 14 13 13 18 15 16 17 17 15 1 96 99 
18 18 16 19 16 19 16 15 19 15 19 17 17 3 128 1 104 57 110 61 
11 11 12 9 8 12 12 12 12 10 10 9 10 1 125 17 
27 32 22 24 26 29 30 30 28 20 24 20 27 1 105 68 
16 14 17 16 15 17 12 19 18 18 13 19 17 2 136 74 133 44 
22 16 24 16 17 18 22 25 26 22 20 22 26 3 124 50 117 57 104 39 
20 22 23 24 19 15 21 23 16 19 16 17 23 2 126 58 114 1 
11 12 11 12 10 8 9 11 11 8 11 8 8 0  
25 20 28 27 30 21 21 24 22 24 29 24 23 1 137 81 
30 24 22 34 29 33 31 27 27 29 29 36 33 2 92 79 129 81 
4 3 3 4 3 3 4 3 3 4 4 3 3 3 106 45 99 99 102 4 
17 12 20 13 15 20 14 13 15 14 15 13 19 1 112 31 
11 8 11 10 8 10 9 12 8 11 12 12 12 1 115 96 
12 9 12 11 14 12 13 11 13 14 9 10 13 1 126 8 
6 6 5 4 4 6 6 5 4 5 5 6 6 0  
6 5 6 5 6 4 4 5 4 6 5 6 5 0  
4 3 3 3 3 3 3 3 4 3 4 3 3 0  
29 26 34 35 34 33 24 26 27 23 24 35 23 0  
18 15 17 21 13 13 13 17 14 13 18 19 17 0  
15 13 12 16 12 15 13 15 15 13 15 11 12 2 117 92 116 24 
37 28 39 34 40 35 30 43 30 29 32 37 40 1 114 86 
31 26 30 27 24 23 37 26 27 27 28 36 32 2 123 60 131 51 
21 25 18 19 17 17 23 25 19 18 25 16 22 1 118 33 
8 8 9 8 7 6 8 6 8 6 8 6 9 0  
39 33 45 42 34 29 37 43 37 45 47 33 33 4 115 43 121 1 119 59 118 94 
24 24 27 27 25 21 21 20 28 18 27 21 28 1 118 18 
38 41 41 41 37 39 34 31 33 45 30 42 41 2 121 70 114 98 
3 2 2 2 2 2 2 2 2 2 2 2 2 1 116 15 
4 4 4 3 4 3 3 3 3 4 3 4 3 1 128 68 
15 16 11 17 17 12 12 12 12 11 16 12 16 0  
22 22 24 18 22 20 16 19 25 22 18 24 19 1 117 3 
39 36 42 31 40 32 39 33 46 29 37 42 33 1 136 99 
7 5 6 6 5 7 7 7 6 5 7 6 6 2 114 12 119 30 
19 21 15 21 22 18 15 19 20 21 21 15 15 1 127 71 
10 7 9 10 10 7 8 11 11 8 11 7 10 1 134 72 
1 0 0 0 0 0 0 0 0 0 0 0 0 1 120 52 
21 17 16 21 17 16 18 23 21 16 24 20 16 1 135 7 
26 25 26 22 31 28 19 28 26 27 21 28 22 0  
18 20 17 13 19 16 21 16 15 18 15 16 19 0  
11 9 11 10 8 10 9 9 11 9 12 8 11 0  
39 45 46 39 37 43 32 47 46 44 34 47 43 1 131 63 
23 27 23 24 26 22 18 17 20 23 26 27 22 0  
22 23 25 20 20 26 19 21 19 20 19 19 24 1 137 27 
19 20 14 19 14 18 20 17 22 15 14 16 18 0  
3 2 2 2 2 2 2 2 2 2 2 2 2 0  
18 15 18 18 19 17 21 14 16 14 15 20 14 0  
21 23 22 15 25 23 17 19 21 21 22 23 16 0  
21 15 25 20 16 19 22 19 22 15 19 19 17 0  
22 18 26 23 26 23 23 26 22 26 26 21 23 0  
36 31 43 27 43 34 39 32 28 32 31 31 38 0  
3 2 2 2 2 2 2 2 2 2 2 2 2 0  
1 0 0 0 0 0 0 0 0 0 0 0 0 0  
36 33 35 40 29 33 38 30 40 28 38 37 34 0  
17 14 12 17 12 20 14 12 17 16 18 20 20 0  
31 29 30 33 34 27 31 29 23 27 34 36 34 0  
24 24 23 23 19 24 25 23 23 20 18 21 29 0  
36 36 32 34 35 27 31 27 39 33 33 39 37 0  
2 1 1 1 1 1 1 1 1 1 1 1 1 0  
27 31 31 29 32 30 29 24 24 20 30 21 26 0  
31 31 28 36 32 36 37 24 30 36 31 29 28 0  
24 27 29 28 21 18 21 18 29 28 24 22 29 0  
16 18 14 17 19 16 15 17 13 14 12 19 17 0  
7 7 7 5 7 5 5 7 6 7 5 7 7 0  
9 7 7 6 6 9 9 7 10 8 6 7 6 0  
7 7 5 5 7 7 7 7 7 7 7 5 5 0  
5 5 5 4 4 3 5 3 3 3 5 4 4 0  
10 8 8 10 7 7 9 8 7 8 8 9 7 0  
31 35 23 28 24 37 32 29 27 34 29 34 23 0  
2 1 1 1 1 1 1 1 1 1 1 1 1 0  
4 3 3 3 3 4 4 3 3 3 3 4 4 0  
24 21 20 19 27 20 25 27 20 29 29 29 20 0  
18 14 14 19 16 15 21 20 18 20 19 13 13 0  
11 9 10 10 11 9 8 10 8 9 10 11 8 0  
6 5 6 5 4 5 4 6 5 4 6 4 5 0  
16 18 19 13 13 19 12 14 14 19 18 18 16 0  
13 11 11 14 11 13 12 15 13 10 12 11 9 0  
8 7 6 7 9 7 9 8 7 6 8 9 6 0  
1 0 0 0 0 0 0 0 0 0 0 0 0 0  
5 4 3 3 5 4 4 5 4 5 4 5 4 0  
21 21 16 19 16 15 23 15 20 24 16 20 19 0  
2 1 1 1 1 1 1 1 1 1 1 1 1 0  
16 16 19 14 19 16 12 15 16 19 15 16 15 0  
20 22 24 15 15 20 23 19 15 15 20 18 24 0  
7 7 7 6 6 6 6 5 7 5 5 7 5 0  
11 9 11 9 10 9 10 10 8 8 11 9 10 0  
21 21 25 20 17 20 18 24 19 23 21 19 15 0  
3 2 2 2 2 2 2 2 2 2 2 2 2 0  
30 24 27 28 25 33 35 34 32 24 31 28 34 0  
28 24 33 29 29 24 30 23 23 21 34 22 32 0  
25 22 30 19 30 19 26 26 21 30 21 20 20 0  
4 4 3 4 3 3 3 4 3 4 4 3 4 0  
19 15 18 19 15 21 14 18 15 14 19 19 18 0  
38 39 43 33 35 36 38 34 37 39 38 43 32 0  
27 31 20 32 20 26 23 27 21 28 24 30 31 0  
27 29 32 21 25 26 32 32 21 28 26 26 21 0  
22 25 17 25 16 19 17 18 25 16 26 25 16 0  
16 15 13 12 19 15 14 14 17 13 18 12 17 0  
13 13 12 15 14 14 15 9 10 10 14 13 15 0  
12 10 13 9 12 11 12 13 12 12 11 13 12 0  
37 28 38 35 27 34 32 43 38 30 42 40 43 0  
8 9 8 8 9 9 7 7 6 8 6 9 8 0  
29 28 29 24 25 21 25 31 27 35 29 28 31 0  
19 21 17 18 19 21 19 21 15 22 21 19 20 0  
17 18 16 14 17 14 16 17 12 15 20 15 12 0  
12 9 13 12 13 10 14 14 9 9 10 14 9 0  
24 22 19 22 29 29 29 19 20 23 25 20 19 0  
30 27 23 30 25 36 35 28 30 36 26 23 30 0  
29 24 30 22 32 34 31 24 32 24 30 33 34 0  
1 0 0 0 0 0 0 0 0 0 0 0 0 0  
17 15 17 17 17 16 14 18 17 15 15 19 14 0  
15 11 12 12 13 13 12 17 11 16 13 14 11 0  
35 27 38 26 29 38 33 35 30 32 30 27 42 0  
36 43 44 31 36 35 44 40 36 35 36 41 33 0  
6 6 5 5 6 4 6 5 5 6 6 5 6 0  
28 22 31 23 33 25 21 24 24 32 30 24 26 0  
7 6 7 6 5 7 7 6 7 6 6 6 5 0  
36 38 44 33 39 35 37 42 32 32 39 29 44 0  
0 0 0 0 0 0 0 0 0 0 0 0 0 0  
37 42 32 30 29 34 45 27 41 35 28 32 39 0  
25 22 25 20 24 24 20 30 30 18 24 21 29 0  
2 1 1 1 1 1 1 1 1 1 1 1 1 0  
20 18 19 24 17 19 24 15 20 18 24 19 21 0  
3 2 2 2 2 2 2 2 2 2 2 2 2 0  
16 15 14 18 15 18 15 14 13 18 17 19 18 0  
39 30 34 29 30 43 35 39 36 31 31 43 46 0  
5 4 4 4 3 3 3 5 4 3 3 5 4 0  
20 21 19 18 16 18 17 15 15 24 20 17 17 0  
23 26 26 20 22 21 17 17 18 23 21 22 23 0  
18 14 18 14 20 17 17 17 19 14 17 18 15 0  
33 25 24 39 30 38 26 35 29 30 26 28 25 0  
37 37 45 36 37 29 31 40 33 43 45 44 44 0  
35 26 30 36 26 42 26 40 30 28 27 41 36 0  
29 35 23 25 30 25 25 34 26 33 25 29 33 0  
7 5 7 5 7 6 6 7 5 7 5 6 5 0  
12 13 9 11 10 10 10 13 14 11 10 12 14 0  
12 12 10 10 12 11 12 9 10 9 14 9 11 0  
37 31 41 45 31 40 38 30 45 28 36 41 30 0  
2 1 1 1 1 1 1 1 1 1 1 1 1 0  
35 31 28 41 38 41 39 27 31 29 34 34 41 0  
27 32 29 20 30 23 28 27 21 32 24 25 24 0  
31 34 30 37 24 31 25 35 37 27 26 28 33 0  
13 14 10 11 11 14 14 15 14 14 10 9 14 0  
29 22 33 24 24 29 29 22 30 30 26 25 31 0  
11 12 11 12 11 11 10 12 10 9 9 9 8 0  
9 9 6 7 10 10 9 9 9 6 9 8 10 0  
9 6 10 10 7 7 8 8 9 9 10 8 6 0  
22 24 22 21 24 17 24 18 20 18 23 19 25 0  
31 28 23 37 25 28 32 24 25 36 31 33 26 0  
38 30 40 33 42 29 46 28 37 36 32 46 31 0  
20 17 18 15 21 16 23 19 20 23 22 22 24 0  
26 28 19 21 27 22 28 28 19 21 29 29 30 0  
16 16 17 12 17 17 17 12 18 19 15 14 12 0  
15 17 13 14 17 13 17 13 14 12 13 13 17 0  
26 22 24 19 25 28 20 21 31 29 21 27 29 0  
35 41 39 42 39 36 30 29 30 33 28 36 28 0  
28 24 28 34 25 30 23 21 32 29 21 28 29 0  
26 29 28 29 24 21 29 26 23 22 19 31 23 0  
2 1 1 1 1 1 1 1 1 1 1 1 1 0  
17 12 18 17 12 18 16 12 16 14 15 16 14 0  
6 5 5 5 5 5 4 4 6 6 5 6 5 0  
4 3 4 4 3 4 3 4 3 3 4 3 3 0  
6 4 5 4 5 5 4 5 6 4 6 6 5 0  
11 11 8 11 9 10 10 10 8 10 9 10 8 0  
7 5 7 7 6 5 5 6 6 6 5 5 7 0  
19 14 20 20 15 20 20 19 22 21 16 20 15 0  
20 23 19 19 15 17 20 22 22 19 21 22 20 0  
6 4 6 6 5 4 4 4 6 6 4 5 5 0  
29 31 35 23 23 21 29 31 35 34 27 26 29 0  
33 37 25 31 40 34 29 40 34 27 35 30 25 0  
16 16 15 19 15 18 17 13 13 12 17 14 17 0  
10 11 8 9 9 10 10 11 7 10 10 7 10 0  
33 37 36 33 35 27 39 40 32 29 26 27 40 0  
4 4 3 3 4 3 4 3 3 4 3 3 3 0  
10 7 10 8 9 10 7 7 7 7 11 7 11 0  
33 35 38 39 32 38 29 39 39 34 37 34 36 0  
28 24 31 24 21 31 22 22 28 31 32 22 24 0  
30 25 26 29 31 30 32 31 34 23 30 36 35 0  
32 25 31 30 31 39 38 32 39 31 24 37 30 0  
6 4 4 4 6 6 4 5 5 6 6 4 5 0  

taskCount: 256 | processorsCount: 12 | shape: 1 | outDegree: 5 | comCompRatio: 1 | compCostRange: 0,5 | height: 9
