256 8
22 21 22 21 21 21 21 20 22 5 100 81 231 8 217 80 181 0 247 98 
11 10 10 10 10 10 10 10 10 5 89 71 163 60 236 58 116 99 253 45 
23 22 21 21 21 23 23 23 22 2 120 65 55 4 
38 36 37 36 37 37 38 38 36 4 192 19 125 13 228 24 217 62 
33 31 33 33 33 32 33 32 33 3 65 59 241 56 194 45 
32 30 30 30 32 32 31 31 30 5 69 88 143 75 128 15 47 82 110 46 
2 1 1 1 1 1 1 1 1 4 249 4 61 5 219 24 110 73 
31 31 31 31 29 29 31 31 30 4 110 83 76 91 60 96 212 46 
38 37 36 38 38 38 36 37 36 4 240 29 181 53 246 15 140 43 
26 25 24 26 24 26 25 26 24 3 174 24 160 85 93 38 
34 32 33 32 34 34 32 33 34 4 112 50 76 29 51 11 199 87 
26 26 24 25 25 26 24 25 25 4 123 15 233 69 187 52 126 8 
25 23 24 25 23 23 24 25 25 4 135 97 62 16 162 22 92 43 
37 35 36 36 35 36 36 36 35 5 136 53 188 13 63 66 166 25 42 56 
17 16 16 16 16 16 16 16 16 5 112 92 52 58 206 7 166 42 152 72 
13 12 12 12 12 12 12 12 12 5 203 62 75 86 59 6 132 47 190 46 
2 1 1 1 1 1 1 1 1 5 158 76 200 60 166 46 190 85 222 38 
5 4 4 4 4 4 4 4 4 5 155 47 126 19 221 73 105 91 250 52 
39 39 38 38 37 39 37 39 38 5 43 80 171 47 115 50 159 32 45 35 
27 26 27 25 27 25 25 25 27 3 244 37 226 62 110 66 
21 21 19 19 19 20 20 21 21 5 53 77 230 75 46 17 93 81 161 85 
12 11 11 11 11 11 11 11 11 5 219 64 204 74 104 88 112 1 122 42 
37 37 35 37 36 36 37 35 36 5 123 91 151 94 139 31 112 0 129 35 
2 1 1 1 1 1 1 1 1 5 175 61 142 67 49 69 229 74 223 80 
32 30 30 32 30 30 32 32 32 5 191 99 210 75 94 75 200 69 208 8 
20 20 20 19 19 19 19 20 19 5 125 36 113 39 77 76 99 1 181 83 
18 17 17 17 17 17 17 17 17 5 102 71 116 60 243 35 126 8 49 15 
9 8 8 8 8 8 8 8 8 5 156 68 55 64 179 24 78 66 148 47 
24 22 22 24 23 23 22 23 23 4 131 4 143 70 47 99 141 98 
7 6 6 6 6 6 6 6 6 5 133 16 229 20 76 93 172 2 44 24 
6 5 5 5 5 5 5 5 5 5 114 37 113 61 214 13 131 88 211 89 
13 12 12 12 12 12 12 12 12 5 148 89 151 15 196 10 76 6 85 60 
17 16 16 16 16 16 16 16 16 5 249 50 237 79 49 48 97 27 152 52 
17 16 16 16 16 16 16 16 16 5 54 61 163 8 85 54 47 99 55 12 
8 7 7 7 7 7 7 7 7 4 134 28 221 80 138 49 205 18 
39 37 38 37 38 39 37 38 39 4 90 78 187 99 133 56 209 12 
15 14 14 14 14 14 14 14 14 4 61 45 102 66 243 9 64 92 
39 39 37 37 39 37 37 37 38 5 85 91 246 91 75 66 191 34 84 80 
20 19 19 19 19 19 19 20 20 4 213 41 147 48 146 53 54 97 
8 7 7 7 7 7 7 7 7 5 62 13 141 81 207 4 214 89 190 23 
6 5 5 5 5 5 5 5 5 5 103 31 246 83 250 43 82 98 222 81 
2 1 1 1 1 1 1 1 1 5 194 38 244 42 132 63 96 31 202 12 
7 6 6 6 6 6 6 6 6 5 88 89 230 77 186 10 202 27 117 11 
0 0 0 0 0 0 0 0 0 3 168 57 224 56 212 21 
18 17 17 17 17 17 17 17 17 5 144 19 223 44 141 72 164 90 243 60 
27 25 26 25 25 27 25 25 27 4 210 67 248 97 112 33 109 81 
6 5 5 5 5 5 5 5 5 4 220 37 169 32 253 99 174 11 
20 20 20 19 20 19 19 19 20 4 202 38 97 8 109 27 177 91 
13 12 12 12 12 12 12 12 12 5 139 8 254 47 214 49 108 12 145 47 
3 2 2 2 2 2 2 2 2 3 95 72 126 69 73 94 
35 34 35 35 35 33 33 34 33 3 131 75 129 94 152 41 
29 29 29 28 27 29 29 29 28 5 213 28 228 12 182 23 197 30 141 24 
26 26 25 26 24 25 26 26 25 3 163 34 78 83 107 8 
8 7 7 7 7 7 7 7 7 5 174 40 129 22 152 96 108 40 114 79 
9 8 8 8 8 8 8 8 8 4 109 39 102 62 101 93 81 15 
9 8 8 8 8 8 8 8 8 5 198 56 246 47 78 92 126 54 169 4 
13 12 12 12 12 12 12 12 12 4 195 63 76 0 94 32 171 90 
21 20 20 19 21 19 19 20 19 4 86 16 141 14 219 37 238 13 
6 5 5 5 5 5 5 5 5 4 126 4 102 70 236 43 144 11 
12 11 11 11 11 11 11 11 11 5 215 60 79 12 165 35 229 96 85 31 
14 13 13 13 13 13 13 13 13 5 107 87 165 20 252 9 195 84 210 50 
32 31 31 31 32 32 32 30 31 5 253 70 242 1 105 86 136 68 150 98 
7 6 6 6 6 6 6 6 6 4 209 96 190 15 173 5 97 83 
30 29 29 28 30 28 28 30 30 5 121 15 251 34 82 58 158 45 93 95 
20 19 20 20 19 19 20 20 19 5 135 24 202 25 222 29 227 52 174 50 
21 21 20 21 20 21 21 19 21 5 174 74 232 43 190 14 188 57 207 64 
9 8 8 8 8 8 8 8 8 5 110 46 120 62 75 85 148 6 143 66 
8 7 7 7 7 7 7 7 7 5 166 64 218 54 212 8 150 79 182 53 
29 27 28 27 27 29 29 28 29 5 247 84 83 18 198 21 166 31 131 86 
17 16 16 16 16 16 16 16 16 5 84 99 176 57 147 54 162 36 235 57 
37 37 37 37 35 35 37 36 35 5 123 50 241 58 170 7 138 73 179 28 
3 2 2 2 2 2 2 2 2 4 153 22 225 89 227 17 177 59 
25 23 23 25 24 24 23 23 24 4 127 71 170 34 121 52 193 38 
31 29 31 31 30 31 29 29 30 4 212 35 179 2 239 28 122 71 
20 20 19 19 20 19 19 19 19 3 237 16 143 93 207 23 
19 18 18 18 18 18 18 18 18 2 200 76 125 83 
5 4 4 4 4 4 4 4 4 5 121 17 145 44 140 88 170 34 236 81 
36 35 35 34 34 34 36 36 34 4 124 8 159 34 205 40 147 64 
23 22 23 21 23 23 23 22 22 2 176 60 160 42 
5 4 4 4 4 4 4 4 4 5 171 82 176 52 205 65 134 77 172 31 
13 12 12 12 12 12 12 12 12 3 190 26 122 70 214 0 
38 38 38 38 36 37 36 36 38 5 128 57 127 12 232 97 194 52 221 77 
36 35 34 36 35 34 36 34 34 4 159 46 223 95 206 98 158 90 
20 19 20 19 20 20 19 20 20 5 159 33 189 17 228 6 242 93 166 6 
12 11 11 11 11 11 11 11 11 4 238 13 210 32 230 51 161 1 
17 16 16 16 16 16 16 16 16 5 187 93 136 85 159 69 207 90 156 50 
27 26 26 26 27 27 25 27 27 3 213 26 126 65 162 74 
8 7 7 7 7 7 7 7 7 5 170 35 138 56 241 42 223 65 191 63 
7 6 6 6 6 6 6 6 6 5 208 37 162 53 173 69 147 65 175 63 
39 38 37 38 37 37 37 37 38 5 168 2 231 23 197 32 128 9 255 10 
25 23 25 24 24 24 24 23 24 5 152 46 186 49 245 86 157 15 190 49 
34 32 32 33 34 34 33 34 33 5 184 64 210 14 169 35 160 90 213 24 
33 31 32 33 31 31 31 32 31 5 160 44 208 67 178 49 217 13 144 55 
7 6 6 6 6 6 6 6 6 3 135 41 173 95 155 93 
33 32 31 32 33 33 32 31 32 4 136 49 242 1 253 77 198 2 
13 12 12 12 12 12 12 12 12 5 155 64 200 89 238 96 176 9 130 90 
35 34 34 33 35 35 33 34 35 4 171 0 169 66 191 66 140 0 
17 16 16 16 16 16 16 16 16 5 210 16 123 26 167 77 153 32 196 58 
20 19 19 19 20 19 19 19 20 5 207 97 219 16 235 0 220 79 159 6 
37 35 36 37 36 36 36 36 36 3 168 56 220 55 199 43 
18 17 17 17 17 17 17 17 17 5 174 28 143 0 152 32 163 70 229 34 
38 38 38 36 36 38 38 38 37 5 218 21 158 18 205 76 138 10 250 58 
31 29 31 29 29 31 30 31 31 4 219 17 214 16 196 70 165 91 
35 34 35 33 34 34 34 35 33 4 137 92 219 18 132 73 250 71 
6 5 5 5 5 5 5 5 5 5 138 47 203 99 238 24 201 18 148 77 
32 32 31 32 32 32 32 31 31 5 218 4 183 5 235 38 245 48 222 88 
3 2 2 2 2 2 2 2 2 5 182 91 196 74 193 90 157 1 132 26 
34 33 32 34 32 32 33 34 33 5 186 26 125 79 255 90 144 91 252 73 
28 27 28 28 27 28 26 26 26 5 119 11 196 82 253 10 229 27 161 16 
30 29 28 29 29 28 29 29 28 5 123 5 125 51 134 69 152 26 243 16 
4 3 3 3 3 3 3 3 3 4 186 53 191 70 167 76 131 29 
17 16 16 16 16 16 16 16 16 5 251 30 146 81 126 84 232 80 145 30 
37 35 35 35 35 36 35 35 36 5 204 62 177 74 169 90 148 30 156 2 
1 0 0 0 0 0 0 0 0 4 169 16 253 57 171 44 182 59 
39 37 39 39 37 38 38 37 37 5 144 78 143 21 237 5 225 5 189 31 
16 15 15 15 15 15 15 15 15 5 238 86 247 55 197 28 153 86 169 25 
36 35 34 35 34 35 35 34 35 5 154 77 209 45 237 39 179 78 255 84 
26 24 25 26 26 25 24 24 26 5 140 33 182 24 169 14 191 81 181 69 
18 17 17 17 17 17 17 17 17 4 219 10 240 12 242 15 253 44 
2 1 1 1 1 1 1 1 1 4 236 85 194 60 195 44 203 51 
34 32 33 33 34 32 33 32 34 4 235 38 250 19 177 26 175 9 
0 0 0 0 0 0 0 0 0 4 162 11 221 87 194 33 188 80 
1 0 0 0 0 0 0 0 0 5 254 70 238 71 253 43 227 3 245 73 
29 29 28 28 29 29 29 29 29 4 237 74 173 57 212 56 209 4 
32 31 32 32 32 31 31 31 30 3 177 56 254 26 173 73 
2 1 1 1 1 1 1 1 1 3 184 57 188 18 214 55 
9 8 8 8 8 8 8 8 8 4 179 74 209 52 170 96 250 99 
18 17 17 17 17 17 17 17 17 5 236 15 212 59 252 71 197 16 207 8 
38 36 38 37 37 38 38 37 38 4 196 67 192 69 183 2 236 16 
7 6 6 6 6 6 6 6 6 2 250 43 219 72 
24 23 23 23 22 23 23 24 23 3 166 49 169 32 201 69 
28 28 27 27 27 27 28 28 28 4 171 33 162 55 177 94 232 83 
15 14 14 14 14 14 14 14 14 4 204 11 221 34 186 84 196 53 
26 26 26 24 25 24 24 26 26 4 228 60 190 83 175 23 171 71 
26 24 25 25 24 26 24 25 24 4 250 86 205 25 219 97 220 85 
15 14 14 14 14 14 14 14 14 5 203 41 251 91 235 65 172 24 190 11 
7 6 6 6 6 6 6 6 6 4 244 11 234 38 238 12 192 77 
1 0 0 0 0 0 0 0 0 5 193 75 167 11 233 16 188 49 175 67 
14 13 13 13 13 13 13 13 13 5 250 15 168 19 182 9 227 56 165 55 
19 18 18 18 18 18 18 18 18 3 202 30 219 57 197 52 
13 12 12 12 12 12 12 12 12 3 190 70 249 65 235 39 
32 30 30 30 32 31 30 30 31 5 179 78 193 95 255 70 214 90 191 78 
20 19 20 20 20 19 19 19 19 3 231 18 230 28 188 63 
16 15 15 15 15 15 15 15 15 5 178 49 208 44 224 76 213 48 235 53 
34 32 32 33 34 32 33 34 32 3 252 43 199 78 244 87 
8 7 7 7 7 7 7 7 7 5 181 67 191 80 237 85 168 1 230 76 
36 34 36 35 34 36 36 34 35 4 211 64 178 57 181 89 225 61 
31 30 30 30 29 31 30 31 29 5 211 83 224 73 255 44 176 45 225 99 
8 7 7 7 7 7 7 7 7 4 186 69 181 45 164 86 204 13 
17 16 16 16 16 16 16 16 16 5 248 42 227 95 224 77 230 97 166 38 
17 16 16 16 16 16 16 16 16 3 191 31 224 17 233 12 
8 7 7 7 7 7 7 7 7 5 253 54 222 65 217 82 230 54 169 87 
38 36 37 36 37 37 37 38 38 4 168 56 223 27 192 0 202 59 
18 17 17 17 17 17 17 17 17 5 231 57 218 55 184 93 189 87 180 10 
3 2 2 2 2 2 2 2 2 5 251 46 170 80 178 34 177 49 180 82 
17 16 16 16 16 16 16 16 16 5 197 69 209 68 219 72 229 98 214 85 
37 37 36 35 36 37 36 37 37 4 205 60 234 80 249 2 179 33 
1 0 0 0 0 0 0 0 0 5 228 63 236 2 234 10 253 33 220 95 
3 2 2 2 2 2 2 2 2 5 165 76 164 28 248 43 198 85 251 76 
3 2 2 2 2 2 2 2 2 5 219 5 166 22 250 58 172 33 240 34 
22 21 21 21 20 21 22 22 22 5 235 36 189 15 176 58 190 79 229 33 
25 24 24 25 23 25 24 24 24 5 193 61 217 6 227 45 208 22 164 20 
36 36 35 34 36 35 35 35 34 3 233 9 243 95 228 11 
20 20 19 19 19 20 20 20 20 4 208 60 238 15 247 83 231 9 
5 4 4 4 4 4 4 4 4 3 218 70 202 42 225 85 
16 15 15 15 15 15 15 15 15 4 254 52 248 62 210 87 218 29 
1 0 0 0 0 0 0 0 0 3 205 84 208 75 239 82 
11 10 10 10 10 10 10 10 10 5 242 39 245 13 204 23 219 18 229 43 
14 13 13 13 13 13 13 13 13 5 236 66 255 50 228 10 213 47 206 15 
24 23 23 24 23 24 23 23 24 4 239 20 218 82 203 2 219 15 
9 8 8 8 8 8 8 8 8 3 211 31 241 77 225 79 
35 33 33 33 34 34 33 33 33 5 239 88 232 25 225 67 204 92 211 65 
11 10 10 10 10 10 10 10 10 5 201 76 248 51 214 43 205 97 212 35 
38 36 38 36 36 37 37 37 38 3 206 59 211 76 215 53 
28 27 28 26 28 27 27 27 27 4 236 83 233 30 242 7 220 19 
1 0 0 0 0 0 0 0 0 4 233 40 238 26 252 21 209 93 
19 18 18 18 18 18 18 18 18 3 234 82 217 82 226 15 
24 23 22 24 22 23 23 23 23 4 218 71 217 94 207 29 212 67 
35 35 33 33 33 35 34 33 35 3 253 46 222 27 252 31 
23 23 23 22 23 21 21 21 21 5 220 36 247 9 246 21 236 63 210 39 
5 4 4 4 4 4 4 4 4 4 200 65 254 34 249 12 226 69 
17 16 16 16 16 16 16 16 16 5 236 93 215 93 239 28 200 0 228 14 
10 9 9 9 9 9 9 9 9 5 245 15 236 45 201 95 221 96 228 90 
20 20 20 20 20 20 20 19 20 5 224 62 201 13 237 34 254 31 222 32 
30 28 30 28 28 28 29 28 30 3 240 76 226 33 241 85 
16 15 15 15 15 15 15 15 15 3 249 7 221 12 255 33 
29 29 29 27 29 27 27 28 28 4 248 41 235 65 236 14 222 31 
37 36 37 35 36 37 36 36 36 4 252 1 251 7 232 2 242 94 
23 22 22 21 21 22 23 22 23 5 244 79 211 59 204 48 248 26 202 61 
9 8 8 8 8 8 8 8 8 5 208 70 249 34 246 25 222 32 221 54 
17 16 16 16 16 16 16 16 16 5 202 2 206 61 233 52 231 42 245 26 
5 4 4 4 4 4 4 4 4 5 215 39 219 60 209 62 231 54 255 46 
37 37 37 36 36 35 37 36 35 4 246 8 213 48 253 33 207 54 
11 10 10 10 10 10 10 10 10 4 200 67 223 94 219 29 210 79 
36 34 35 36 34 34 34 36 34 5 219 66 226 64 201 91 243 61 214 5 
28 27 28 26 27 27 28 26 28 5 201 55 229 71 204 55 255 61 205 12 
36 35 36 35 36 35 36 34 34 5 211 3 244 24 217 67 229 63 222 56 
39 39 38 38 37 38 39 37 37 3 231 50 210 17 225 90 
11 10 10 10 10 10 10 10 10 5 253 86 221 50 236 1 216 98 255 90 
18 17 17 17 17 17 17 17 17 5 210 34 229 30 225 62 237 37 252 4 
6 5 5 5 5 5 5 5 5 1 255 17 
25 24 23 25 24 24 25 23 24 2 245 1 248 62 
17 16 16 16 16 16 16 16 16 2 253 2 249 21 
23 21 22 21 22 21 21 21 22 0  
8 7 7 7 7 7 7 7 7 0  
22 21 21 20 22 20 22 21 21 0  
36 35 34 36 36 36 36 35 36 0  
0 0 0 0 0 0 0 0 0 1 252 82 
29 28 28 28 28 29 27 28 27 0  
1 0 0 0 0 0 0 0 0 1 245 71 
37 36 37 36 36 37 37 37 35 2 252 91 251 82 
13 12 12 12 12 12 12 12 12 1 255 78 
6 5 5 5 5 5 5 5 5 1 252 22 
19 18 18 18 18 18 18 18 18 1 248 36 
38 38 36 36 37 38 36 38 38 2 245 46 255 76 
4 3 3 3 3 3 3 3 3 3 252 64 254 73 251 3 
15 14 14 14 14 14 14 14 14 2 249 9 250 10 
15 14 14 14 14 14 14 14 14 0  
30 30 29 30 30 28 30 30 30 5 249 32 247 95 246 84 251 60 255 16 
29 27 27 28 28 29 28 27 27 1 248 29 
27 26 27 26 27 27 26 27 27 3 252 37 248 6 245 50 
4 3 3 3 3 3 3 3 3 2 251 48 249 41 
28 28 26 28 27 26 28 26 27 1 253 87 
5 4 4 4 4 4 4 4 4 0  
6 5 5 5 5 5 5 5 5 2 246 97 254 62 
3 2 2 2 2 2 2 2 2 1 248 59 
37 35 36 37 37 36 37 36 35 0  
0 0 0 0 0 0 0 0 0 3 255 41 254 36 245 6 
1 0 0 0 0 0 0 0 0 3 249 27 247 16 251 21 
0 0 0 0 0 0 0 0 0 0  
5 4 4 4 4 4 4 4 4 2 252 68 245 16 
19 18 18 18 18 18 18 18 18 2 246 2 248 18 
12 11 11 11 11 11 11 11 11 2 247 13 251 10 
16 15 15 15 15 15 15 15 15 3 246 14 252 12 253 27 
17 16 16 16 16 16 16 16 16 4 255 86 253 60 247 55 249 65 
19 18 18 18 18 18 18 18 18 4 245 59 255 78 253 15 246 56 
0 0 0 0 0 0 0 0 0 1 254 49 
26 25 25 24 26 26 25 26 25 3 252 42 249 4 248 14 
12 11 11 11 11 11 11 11 11 2 246 42 245 36 
8 7 7 7 7 7 7 7 7 5 253 13 250 74 247 17 248 66 251 64 
19 18 18 18 18 18 18 18 18 4 253 22 255 82 249 80 251 29 
29 27 27 29 29 27 29 28 27 4 246 78 255 41 254 44 248 32 
8 7 7 7 7 7 7 7 7 2 246 81 255 17 
21 21 20 20 21 20 19 21 21 5 246 18 254 96 253 26 247 21 252 71 
11 10 10 10 10 10 10 10 10 5 248 17 245 52 252 53 249 71 247 37 
4 3 3 3 3 3 3 3 3 0  
39 38 39 39 39 38 37 38 39 0  
18 17 17 17 17 17 17 17 17 0  
13 12 12 12 12 12 12 12 12 0  
31 30 31 29 31 29 29 31 30 0  
12 11 11 11 11 11 11 11 11 0  
20 19 20 20 20 19 19 19 19 0  
9 8 8 8 8 8 8 8 8 0  
22 20 20 21 20 21 22 22 20 0  
31 30 30 31 30 30 29 29 29 0  
2 1 1 1 1 1 1 1 1 0  

taskCount: 256 | processorsCount: 8 | shape: 2 | outDegree: 5 | comCompRatio: 5 | compCostRange: 0,1 | height: 8
