2048 8
1 0 0 0 0 0 0 0 0 1 601 56 
7 6 7 6 6 7 6 7 6 1 2045 3 
36 34 37 44 43 44 37 27 35 1 1338 33 
24 18 27 18 24 23 25 29 28 1 1538 69 
35 42 32 41 33 37 34 28 39 1 1831 23 
24 22 20 27 27 27 18 24 24 1 663 36 
34 30 25 36 41 32 40 41 38 1 1798 38 
33 38 29 37 31 31 37 28 36 1 1573 95 
37 36 39 45 38 31 34 32 38 1 1522 84 
17 17 15 19 15 16 15 12 18 1 291 54 
27 28 27 29 24 31 20 30 25 1 256 95 
6 6 6 6 5 5 4 5 6 1 762 75 
14 15 14 12 16 11 10 12 14 1 1464 45 
28 28 23 26 34 34 22 21 25 1 674 34 
35 27 31 42 37 29 36 27 28 1 365 55 
5 3 5 3 5 3 3 3 3 1 312 83 
1 0 0 0 0 0 0 0 0 1 1793 97 
19 17 16 14 15 19 18 15 17 1 2037 0 
4 4 4 3 3 4 4 3 3 1 1504 36 
22 22 22 16 19 18 23 19 18 1 1906 33 
22 19 26 19 18 17 23 16 23 1 685 86 
22 26 19 20 23 19 21 25 22 1 1994 5 
24 24 24 20 25 26 24 25 25 1 1589 29 
32 33 37 27 34 30 32 34 35 1 1991 2 
9 10 6 7 6 10 6 9 9 1 1650 39 
24 25 25 20 19 20 19 23 18 1 954 69 
1 0 0 0 0 0 0 0 0 1 242 21 
29 26 31 33 26 26 23 32 28 1 823 65 
14 13 13 10 13 13 14 14 15 1 840 48 
16 12 17 12 12 17 16 14 17 1 1100 80 
31 37 23 33 37 31 24 31 34 1 1188 31 
29 28 26 22 32 27 26 33 33 1 267 33 
21 22 22 18 22 16 18 24 20 1 1611 22 
36 31 32 38 32 42 42 33 38 1 1854 0 
19 18 22 22 19 14 22 18 20 1 1346 39 
11 11 12 11 10 9 12 9 11 1 1470 33 
8 6 8 8 9 7 8 7 9 1 660 3 
26 24 27 22 22 21 30 31 31 1 1905 57 
26 19 30 20 21 26 19 21 27 1 1548 33 
4 4 4 4 4 4 4 4 4 1 674 98 
24 22 28 20 28 28 18 23 20 0  
35 36 42 39 36 42 41 27 42 1 1338 38 
21 24 19 20 17 25 17 20 17 1 1869 16 
2 1 1 1 1 1 1 1 1 1 571 38 
29 24 32 34 29 22 27 31 29 1 1301 31 
5 3 5 5 4 4 3 3 5 1 1615 99 
12 12 9 9 12 14 12 12 10 1 1753 46 
22 22 22 21 26 26 21 25 25 1 523 19 
39 37 38 33 30 31 44 45 33 1 460 0 
17 19 12 20 18 15 13 12 20 1 1826 11 
10 9 9 9 8 11 11 7 7 1 1851 19 
13 13 15 14 14 11 11 13 13 1 931 75 
39 40 42 33 42 36 34 41 31 0  
5 5 3 4 5 3 4 4 5 1 653 27 
21 20 21 19 20 19 24 23 24 1 1449 35 
18 13 15 21 19 15 16 14 16 1 1045 50 
23 21 26 19 19 17 19 19 18 1 1310 3 
4 3 3 4 4 3 3 4 4 1 1408 79 
15 11 14 15 13 17 17 15 17 1 1079 86 
11 11 11 11 8 10 8 11 10 1 823 45 
23 19 27 20 19 18 23 22 21 1 1975 97 
5 5 4 3 3 4 5 3 5 1 1718 62 
19 17 14 14 17 22 16 22 15 1 248 58 
20 18 17 18 24 19 15 17 18 1 2007 28 
26 21 26 29 22 20 22 29 26 1 790 59 
38 36 38 29 45 42 38 34 44 1 442 83 
24 27 21 28 22 20 18 27 21 1 538 69 
18 16 20 20 13 21 19 21 14 1 277 74 
8 9 6 9 9 8 6 6 7 1 160 99 
23 25 26 23 25 18 21 21 24 1 1929 94 
36 44 37 37 38 32 29 28 37 1 1754 74 
15 17 17 17 14 13 13 17 13 1 983 6 
32 39 36 39 38 24 29 25 26 1 1496 28 
39 46 37 43 35 42 35 43 32 1 348 1 
37 42 28 34 35 42 39 29 43 1 1070 62 
27 24 20 30 25 30 21 21 21 1 350 16 
1 0 0 0 0 0 0 0 0 1 998 39 
22 26 26 19 18 21 24 19 17 1 738 50 
2 1 1 1 1 1 1 1 1 1 133 74 
3 2 2 2 2 2 2 2 2 1 1559 42 
12 14 11 12 13 9 11 14 12 1 911 46 
18 21 15 20 17 16 18 17 16 1 474 85 
29 26 32 29 21 28 33 30 29 1 572 97 
37 31 39 44 27 34 36 36 41 0  
5 4 4 5 3 5 3 5 3 1 405 89 
17 12 14 15 17 12 16 16 12 1 1893 42 
29 31 31 32 35 27 30 25 24 1 420 4 
16 16 13 16 16 12 17 15 18 1 150 7 
14 13 16 12 10 10 12 11 13 1 890 94 
1 0 0 0 0 0 0 0 0 1 1345 53 
27 21 23 31 22 23 28 30 20 1 1447 79 
4 4 4 3 3 3 4 4 4 1 1404 62 
11 11 9 8 9 8 12 8 11 1 2035 25 
14 16 13 11 16 15 15 14 11 1 530 28 
20 17 18 17 15 19 16 17 18 1 2030 47 
18 16 15 19 20 13 17 16 13 1 1723 90 
15 16 13 16 11 16 16 11 16 1 493 78 
0 0 0 0 0 0 0 0 0 1 1223 31 
15 15 11 15 17 11 15 15 17 1 1417 79 
30 33 32 25 34 35 30 33 23 1 616 28 
21 24 22 17 16 19 24 16 18 1 1689 83 
33 37 27 36 33 25 34 31 39 1 692 52 
13 11 10 14 15 11 11 11 14 1 1331 83 
15 14 11 14 13 13 12 16 13 1 586 7 
20 21 19 23 24 19 19 21 20 1 2012 34 
35 36 26 27 29 33 33 28 26 1 576 87 
20 23 22 22 23 23 22 23 19 1 2024 25 
39 30 31 29 35 35 33 43 41 1 340 47 
7 5 7 5 5 6 6 7 7 1 1451 39 
34 32 35 27 41 30 29 27 27 1 804 83 
17 14 12 15 20 19 18 13 15 1 133 52 
1 0 0 0 0 0 0 0 0 1 847 90 
1 0 0 0 0 0 0 0 0 1 196 46 
11 9 10 9 12 11 11 9 11 1 1019 51 
39 45 47 33 32 33 32 44 40 1 1002 60 
4 4 4 4 3 4 4 3 3 1 1582 35 
15 14 12 11 12 15 13 13 14 1 1755 2 
22 26 19 19 19 26 21 19 25 1 564 4 
15 12 16 13 13 12 15 12 11 1 316 47 
8 8 8 9 8 9 7 7 6 1 256 80 
8 9 6 8 8 9 8 7 8 1 1323 53 
8 7 8 7 7 6 6 8 9 1 1761 30 
3 2 2 2 2 2 2 2 2 1 1387 6 
7 5 5 7 6 7 5 6 5 1 1158 14 
35 37 36 33 26 37 36 37 26 1 1854 73 
31 27 27 24 33 35 30 25 25 0  
3 2 2 2 2 2 2 2 2 1 348 22 
17 12 16 12 12 19 15 18 16 1 617 44 
18 19 20 16 15 15 17 13 16 1 225 7 
18 13 16 17 17 18 19 19 19 1 1834 79 
11 12 10 11 12 11 9 8 9 1 1154 54 
1 0 0 0 0 0 0 0 0 1 332 17 
6 6 4 5 4 5 4 5 4 1 1405 90 
11 11 11 10 11 11 11 12 10 1 1268 6 
22 18 17 22 19 19 26 21 23 1 595 62 
18 21 21 20 21 17 15 15 13 1 792 52 
5 3 5 3 3 5 5 5 3 1 1746 93 
14 14 16 12 15 10 13 15 11 1 1765 96 
16 15 19 19 18 16 13 16 18 1 527 93 
9 9 7 7 8 8 10 7 7 1 973 93 
37 31 41 33 43 34 39 43 43 1 1012 44 
29 23 31 21 22 23 22 35 24 1 1591 54 
8 6 7 8 9 9 9 9 9 1 1991 18 
20 15 17 23 22 19 17 21 22 1 846 18 
23 20 26 24 20 20 22 18 21 1 1526 91 
26 25 25 29 25 22 26 27 27 1 374 78 
3 2 2 2 2 2 2 2 2 1 1034 29 
0 0 0 0 0 0 0 0 0 1 1817 18 
15 15 12 14 17 15 11 17 16 1 706 4 
16 18 12 15 12 12 12 13 18 1 329 73 
3 2 2 2 2 2 2 2 2 1 1031 91 
33 24 33 24 29 30 26 32 38 1 1636 18 
24 22 24 24 20 22 21 28 19 1 1453 24 
7 6 6 7 5 7 5 5 7 1 246 47 
21 19 15 18 21 20 24 16 23 1 560 73 
12 10 12 11 11 10 12 14 13 1 1504 55 
29 34 26 30 25 25 25 21 35 1 1405 12 
6 4 5 4 4 5 6 4 5 1 1506 11 
19 17 16 17 20 21 15 15 17 1 1828 86 
28 27 29 32 22 34 28 26 29 1 223 19 
31 27 23 35 33 31 37 23 36 1 528 71 
2 1 1 1 1 1 1 1 1 1 598 64 
21 20 21 24 25 24 25 25 15 1 262 83 
28 31 28 26 25 31 25 27 23 1 1296 55 
22 24 26 19 26 22 18 16 17 1 254 59 
15 13 17 13 16 17 15 11 14 1 840 97 
35 37 36 41 29 27 36 30 27 1 1765 22 
29 22 32 28 22 31 25 35 28 1 831 68 
28 27 24 26 23 24 21 21 23 1 1637 6 
20 19 18 19 21 20 24 22 17 1 445 82 
39 39 42 38 29 33 32 43 44 1 400 45 
0 0 0 0 0 0 0 0 0 1 1796 35 
5 5 4 3 3 5 5 3 3 1 1125 71 
5 4 3 4 3 4 3 5 3 1 1718 38 
11 8 10 12 12 10 11 8 11 1 1860 52 
19 19 22 16 18 17 18 21 17 1 1522 26 
0 0 0 0 0 0 0 0 0 1 1511 76 
23 19 21 21 20 19 19 20 20 1 282 63 
23 19 21 17 25 17 21 27 25 1 1111 55 
9 6 7 6 6 6 10 7 7 1 964 49 
28 31 32 31 25 32 32 22 21 1 340 80 
3 2 2 2 2 2 2 2 2 1 639 38 
2 1 1 1 1 1 1 1 1 1 1842 60 
2 1 1 1 1 1 1 1 1 1 1660 18 
15 14 13 11 17 17 14 12 12 1 1455 60 
17 18 20 14 12 18 15 12 19 1 1098 33 
16 16 19 14 19 12 19 16 13 1 889 88 
38 34 33 41 31 32 37 38 41 1 1889 53 
29 25 24 29 27 24 22 26 22 1 1544 99 
9 7 10 10 8 7 7 8 6 1 1521 85 
28 24 27 33 24 28 28 22 26 1 695 15 
38 32 44 46 45 35 29 36 38 1 1769 48 
34 40 32 26 27 34 32 36 39 1 456 31 
27 29 32 23 27 25 32 23 22 1 538 68 
17 12 17 20 18 17 17 14 17 1 2007 58 
34 39 35 35 30 40 32 32 28 1 1077 45 
8 7 6 6 6 7 9 6 9 1 554 30 
19 19 18 14 16 22 20 17 19 1 1808 31 
37 35 28 40 40 38 31 33 34 1 1098 97 
8 8 8 6 9 6 9 6 8 1 1794 71 
30 31 34 27 28 29 27 28 28 1 859 3 
13 9 9 13 13 14 12 13 14 1 1278 65 
11 11 12 11 9 12 11 12 10 1 1426 77 
34 28 29 41 29 35 31 37 41 1 544 34 
16 14 15 15 15 17 18 14 12 1 1519 7 
2 1 1 1 1 1 1 1 1 1 1660 15 
28 22 27 27 30 31 33 23 27 1 783 40 
19 22 17 20 21 21 17 17 14 1 350 47 
36 33 33 34 38 33 38 38 40 1 809 43 
2 1 1 1 1 1 1 1 1 1 535 47 
12 14 14 12 12 12 11 12 11 1 1328 57 
6 4 6 6 4 6 4 6 6 1 1622 74 
23 19 18 20 21 19 26 17 27 1 461 4 
10 11 7 10 7 10 7 9 9 1 593 71 
0 0 0 0 0 0 0 0 0 1 1694 63 
28 23 32 23 29 25 32 24 21 1 1914 41 
0 0 0 0 0 0 0 0 0 1 1525 30 
18 21 15 18 20 21 17 18 18 1 1439 96 
13 9 13 11 13 13 14 9 12 1 1434 87 
5 4 4 4 5 3 5 3 5 1 1588 59 
38 45 34 28 45 41 33 40 28 1 251 69 
37 39 35 43 37 37 35 37 42 1 1732 66 
39 45 41 42 31 43 43 36 45 1 336 73 
18 16 19 14 17 14 16 19 13 1 1534 13 
32 27 29 29 28 26 31 25 37 1 670 73 
1 0 0 0 0 0 0 0 0 1 860 79 
5 4 5 5 3 4 4 4 5 1 1954 44 
17 14 16 18 12 18 12 14 17 1 331 39 
27 30 23 27 28 26 21 29 22 1 1957 19 
16 19 15 14 12 18 19 16 16 1 1250 53 
10 8 7 7 11 10 9 8 10 1 1887 93 
20 17 20 19 18 18 23 21 16 1 778 70 
25 29 28 21 26 30 22 30 23 1 872 56 
14 16 16 16 16 16 12 11 11 1 620 60 
18 21 19 13 21 13 18 17 20 1 707 8 
14 11 10 10 14 12 11 13 10 1 1268 95 
31 31 30 25 33 31 32 23 25 1 1149 29 
8 8 9 6 8 8 6 6 6 1 1445 68 
25 23 19 24 27 23 23 30 19 1 1203 19 
12 13 9 10 13 11 9 9 9 1 1229 10 
29 21 24 30 34 29 32 31 25 1 616 7 
37 27 41 39 31 37 28 30 36 1 630 29 
1 0 0 0 0 0 0 0 0 1 1295 84 
27 27 28 30 30 29 32 26 20 1 380 0 
37 29 31 45 31 42 27 28 33 1 1908 56 
22 26 17 26 24 19 16 22 19 1 1755 88 
15 17 14 14 11 13 11 13 17 1 821 58 
24 24 20 26 27 22 21 18 28 0  
27 32 23 27 26 26 25 31 27 1 737 4 
29 32 25 29 28 28 30 35 29 1 918 98 
34 25 39 40 31 35 32 40 26 1 1391 53 
29 29 27 24 22 31 26 34 31 1 1593 5 
6 6 6 6 4 6 6 5 6 1 1333 39 
32 28 31 25 38 30 37 38 27 1 563 51 
9 10 9 8 8 10 9 10 8 1 1901 33 
33 34 31 25 27 32 37 40 27 1 1491 56 
14 15 10 16 15 11 13 10 12 1 1174 19 
32 30 24 28 31 36 30 28 36 1 645 65 
2 1 1 1 1 1 1 1 1 1 1283 90 
15 13 11 13 11 16 17 15 14 1 1315 40 
37 33 43 30 30 29 31 28 42 1 1813 64 
10 7 8 11 8 9 8 7 9 1 1091 12 
31 37 35 27 28 29 27 34 29 1 1820 34 
19 19 17 15 19 20 19 20 17 1 1044 52 
32 36 31 31 31 27 34 28 26 1 1692 35 
32 25 25 24 28 25 24 33 30 1 1833 45 
20 16 21 18 16 16 19 16 21 1 689 68 
8 7 8 9 7 6 6 9 7 1 547 30 
31 24 24 23 37 37 24 24 35 1 1292 8 
26 27 30 25 30 22 30 25 21 1 368 65 
36 32 27 37 34 42 43 44 32 1 595 78 
32 27 33 32 24 37 32 26 24 1 1828 93 
32 38 24 24 35 34 31 34 38 1 388 76 
1 0 0 0 0 0 0 0 0 1 418 27 
15 12 16 13 17 13 11 17 16 1 1517 81 
1 0 0 0 0 0 0 0 0 1 1907 76 
35 31 32 30 29 39 37 40 26 1 374 56 
12 9 12 9 10 9 14 12 12 1 1396 81 
21 22 24 22 25 16 19 23 16 0  
9 8 10 10 8 9 6 7 10 1 1585 28 
25 29 18 25 20 22 21 19 18 1 1713 7 
20 20 17 23 20 18 17 18 23 1 489 72 
30 27 29 23 30 26 30 29 22 1 1267 64 
38 41 46 41 45 40 38 29 44 0  
22 24 21 17 16 17 17 17 21 1 604 50 
20 17 20 16 23 21 17 21 15 1 1930 35 
13 10 11 11 13 13 13 10 11 1 360 1 
33 36 25 36 32 31 25 26 25 1 954 92 
5 5 3 5 3 4 4 5 4 1 624 27 
24 26 21 26 27 23 19 27 25 1 1016 42 
39 40 42 47 37 32 38 47 39 1 1661 50 
38 29 42 31 37 31 35 38 40 1 1112 21 
5 4 5 3 4 5 5 5 5 1 1867 12 
10 9 8 10 11 10 9 8 10 1 1189 42 
15 11 12 11 17 17 11 13 12 1 810 53 
18 18 19 13 14 19 17 16 18 1 1358 32 
6 5 4 4 4 4 6 6 4 1 968 36 
21 23 24 15 21 15 22 17 25 1 1547 89 
34 37 38 31 33 26 31 26 39 1 1665 14 
4 4 4 3 3 4 3 4 3 1 607 17 
1 0 0 0 0 0 0 0 0 1 926 88 
7 5 7 7 6 6 6 7 6 1 456 36 
33 27 32 38 24 26 31 37 24 1 747 9 
1 0 0 0 0 0 0 0 0 1 1399 18 
32 30 30 24 32 39 36 38 32 1 1478 50 
1 0 0 0 0 0 0 0 0 1 694 68 
37 42 41 27 43 28 43 31 35 1 1753 22 
5 3 5 4 4 3 4 3 3 1 1126 68 
16 16 14 16 15 16 13 13 12 1 1419 40 
8 8 6 8 7 6 6 7 8 1 1995 64 
38 45 31 37 28 31 33 31 38 0  
2 1 1 1 1 1 1 1 1 1 1283 26 
11 10 11 11 9 12 12 12 9 1 440 42 
32 36 29 31 30 31 25 38 28 1 932 34 
29 26 31 34 27 33 35 22 32 1 1812 23 
16 14 19 19 14 18 13 17 18 1 1988 12 
20 19 21 23 16 21 23 22 15 1 580 74 
33 25 25 26 40 24 37 39 40 1 1430 18 
37 37 35 44 40 43 37 37 34 1 389 74 
11 12 12 10 9 12 8 8 12 1 1883 45 
18 13 19 19 18 14 14 21 18 1 1269 80 
27 25 30 25 25 22 27 27 23 1 1665 16 
2 1 1 1 1 1 1 1 1 1 778 93 
6 5 6 4 5 5 4 4 6 1 858 6 
26 24 19 25 30 26 30 29 29 1 940 25 
37 37 34 45 36 38 45 42 33 1 1370 64 
26 25 22 29 23 21 22 26 22 1 1258 82 
22 17 23 20 25 25 25 24 25 1 1267 20 
25 24 28 23 18 26 20 27 22 1 2000 83 
36 30 36 36 42 28 42 34 43 1 848 27 
35 39 27 34 29 36 29 38 32 1 1923 58 
13 13 10 9 15 15 10 14 12 1 614 47 
17 20 17 12 20 14 18 19 12 1 1439 11 
16 18 16 12 18 19 12 15 19 1 1698 79 
7 7 6 5 6 5 6 5 7 1 1038 91 
18 18 13 16 15 18 13 18 15 1 1406 47 
27 31 25 23 23 22 30 30 31 1 1670 81 
29 21 21 31 24 25 30 28 23 1 1167 30 
5 4 5 4 4 5 3 4 5 1 665 20 
20 16 18 22 16 18 17 17 24 1 1572 95 
23 23 24 20 17 24 20 23 20 1 2003 19 
8 8 6 6 9 7 6 8 9 0  
16 16 13 13 17 13 12 17 17 1 1098 27 
37 27 38 30 28 29 39 38 33 1 455 74 
26 27 29 21 28 25 29 28 21 1 1876 52 
37 43 31 33 39 38 36 30 31 1 1085 5 
27 30 22 23 30 31 23 25 30 1 1684 77 
12 10 13 10 11 14 11 10 10 1 1065 14 
21 22 23 22 18 16 17 20 20 1 465 1 
39 33 30 47 39 32 39 36 39 1 1600 43 
38 30 42 42 39 29 32 41 30 1 1300 40 
12 9 9 12 9 13 10 14 13 1 482 47 
24 19 18 21 23 27 24 20 22 1 1933 97 
23 22 22 22 19 26 23 19 20 1 760 95 
25 19 27 23 22 26 19 23 29 1 1124 60 
14 10 16 14 16 13 16 13 16 0  
4 3 4 3 4 3 4 3 4 1 535 81 
27 24 25 20 28 24 27 25 28 1 812 48 
14 13 12 12 16 11 12 16 10 1 2016 31 
35 29 42 35 28 38 36 37 38 1 847 71 
15 14 15 15 15 17 16 15 17 1 1879 64 
14 10 16 15 12 16 12 13 11 1 1965 83 
19 16 15 17 21 22 18 14 16 1 442 31 
19 20 16 15 17 22 16 16 16 1 610 86 
13 14 12 15 13 13 9 11 11 1 791 14 
25 20 29 20 23 29 26 22 23 1 1430 39 
24 25 22 28 28 26 21 28 27 1 867 39 
34 35 40 34 36 26 31 31 28 1 580 78 
25 23 27 30 24 18 20 18 29 1 1007 78 
10 10 8 10 10 11 10 11 7 1 616 50 
28 28 25 26 34 22 30 28 27 1 658 1 
30 29 26 30 34 27 26 34 28 1 568 15 
27 24 31 20 31 29 22 30 21 1 803 80 
16 18 18 18 16 16 18 14 13 1 1539 34 
28 26 22 27 26 27 22 21 34 1 448 43 
10 7 7 8 11 10 9 9 8 0  
10 10 11 7 10 11 10 10 9 1 602 55 
5 3 5 4 5 4 5 3 3 1 466 80 
20 19 17 22 18 24 23 21 17 1 1918 94 
28 22 31 23 34 34 24 21 28 1 649 20 
10 8 7 9 7 9 10 8 8 1 900 30 
13 14 9 15 12 11 10 13 10 1 1534 16 
1 0 0 0 0 0 0 0 0 1 1716 12 
26 24 25 28 27 21 19 21 27 1 1690 77 
38 31 43 33 34 42 43 30 46 1 642 23 
22 25 18 19 20 21 26 18 18 1 1208 46 
28 34 30 25 25 23 26 28 22 1 1080 1 
34 25 27 38 28 26 36 29 29 1 733 80 
30 23 28 28 34 28 32 34 34 1 1870 2 
32 24 25 26 39 35 32 25 28 1 1596 71 
14 12 12 15 10 16 10 13 13 1 1748 17 
0 0 0 0 0 0 0 0 0 1 885 18 
14 12 11 10 11 16 15 14 12 1 653 73 
10 8 11 7 10 10 10 8 8 1 1450 92 
5 5 3 5 5 4 3 4 5 1 1835 91 
8 7 6 6 6 9 7 7 6 1 687 19 
29 31 29 23 29 27 25 30 29 1 1874 89 
36 27 37 30 36 34 39 31 30 1 1674 34 
24 18 28 28 19 21 19 24 21 1 2027 89 
0 0 0 0 0 0 0 0 0 1 2025 81 
12 13 10 10 12 11 13 14 11 1 941 60 
33 28 24 32 38 36 26 30 31 1 1117 13 
27 30 22 30 27 24 23 22 23 1 2041 70 
10 10 8 8 11 8 7 9 10 1 1160 7 
10 10 11 10 10 7 11 8 7 1 1393 96 
7 6 6 6 5 5 7 7 6 1 425 9 
25 27 21 19 25 18 22 28 25 1 1482 56 
7 6 7 5 5 6 6 7 5 1 671 15 
35 34 40 26 36 27 42 41 38 1 865 40 
15 16 14 17 17 14 12 17 14 1 1289 78 
4 3 3 4 4 4 3 4 4 1 1083 23 
38 29 37 41 43 39 38 44 29 1 1592 87 
6 4 5 4 4 6 5 6 4 1 770 21 
26 26 30 23 24 21 31 19 20 1 1769 85 
24 25 28 26 19 20 24 26 24 1 1567 33 
1 0 0 0 0 0 0 0 0 1 1521 7 
13 12 15 12 14 15 15 12 12 1 1397 68 
32 37 32 28 37 34 27 35 33 1 614 64 
21 22 25 22 23 21 22 16 22 1 1014 58 
30 29 23 30 28 27 25 23 33 1 1792 33 
36 34 35 40 43 35 34 42 38 1 669 50 
30 29 31 27 25 23 34 33 34 1 1917 67 
3 2 2 2 2 2 2 2 2 1 1284 92 
32 30 27 37 37 24 39 30 29 1 1541 72 
36 32 37 29 35 37 33 34 41 1 681 25 
28 29 31 25 28 26 34 32 30 1 1519 29 
16 15 13 17 19 17 16 19 13 1 1547 6 
17 17 12 14 16 19 13 18 19 1 1136 45 
11 10 8 10 8 8 12 12 8 1 1145 62 
19 19 16 20 22 15 16 16 14 1 755 67 
21 15 24 22 20 25 15 20 21 1 1781 6 
13 15 15 15 10 9 11 11 12 1 1660 15 
21 24 20 23 18 21 21 18 21 1 1548 24 
19 16 14 21 19 22 19 19 21 1 492 66 
15 14 14 17 16 12 11 11 14 1 781 40 
16 15 15 17 14 19 12 14 15 1 1117 64 
26 31 27 20 21 29 21 28 31 1 1204 40 
30 24 28 30 23 34 23 28 31 1 1765 23 
16 16 14 14 19 12 14 13 12 1 1541 67 
30 32 22 36 30 32 30 35 23 1 1094 51 
37 44 38 30 28 35 45 40 30 1 1603 37 
21 22 22 16 18 19 19 16 17 1 1197 94 
39 40 32 46 29 34 45 32 39 1 1382 28 
15 16 11 17 12 16 16 15 14 1 1094 37 
28 31 25 21 29 33 29 27 30 1 1428 75 
15 11 16 16 13 12 16 15 11 1 1345 47 
33 25 28 37 25 31 29 32 28 1 741 82 
27 31 29 20 27 25 21 20 29 1 1507 15 
25 22 20 22 23 24 23 24 27 1 656 88 
4 3 4 3 4 3 4 4 3 1 914 93 
34 26 40 39 30 32 41 25 28 1 1282 46 
36 32 38 36 34 34 29 38 28 1 1430 74 
15 12 16 11 11 15 16 15 16 1 1873 11 
33 24 26 35 27 33 36 24 28 1 617 80 
3 2 2 2 2 2 2 2 2 1 844 87 
22 19 17 17 19 25 22 16 24 1 1401 75 
29 27 29 22 25 28 33 23 33 1 811 99 
34 41 31 38 38 33 31 26 33 1 1057 11 
14 11 14 11 15 12 10 13 10 1 1844 18 
22 19 17 19 17 25 20 21 18 1 698 86 
31 37 37 25 26 37 31 32 27 1 1873 15 
8 9 6 6 6 7 9 7 6 1 1357 7 
36 37 39 42 27 33 39 33 33 1 1807 19 
15 13 12 16 13 16 17 16 15 1 1462 72 
34 39 37 32 37 40 37 27 32 1 848 81 
30 34 34 23 35 28 22 36 27 1 1856 9 
17 16 12 18 20 16 19 16 19 1 1294 65 
27 26 25 24 30 32 21 27 21 1 868 97 
11 10 8 10 11 10 11 8 9 1 1668 67 
8 8 9 9 7 7 7 7 9 1 1505 49 
14 11 12 13 16 14 12 13 16 1 2037 33 
23 23 21 19 17 23 24 18 18 1 665 20 
16 14 18 13 15 13 16 17 13 1 1130 55 
31 25 25 32 34 28 26 29 26 1 1980 55 
33 25 28 33 39 26 26 34 37 1 816 42 
15 15 15 11 12 16 17 15 16 1 1785 90 
31 26 28 32 30 34 36 37 25 1 1814 99 
28 21 26 22 32 31 21 32 27 1 1215 12 
4 4 4 3 3 4 3 3 3 1 1328 97 
20 22 20 19 19 23 16 24 22 1 1272 77 
34 27 31 39 35 35 35 25 31 1 646 79 
28 24 32 26 21 27 34 23 33 1 1437 66 
31 32 29 31 34 36 30 27 26 1 1539 82 
7 7 6 6 5 6 6 6 6 1 1074 42 
24 25 18 25 25 29 25 20 29 1 1276 61 
24 18 24 26 21 22 25 27 25 1 984 51 
38 31 32 36 34 42 35 46 44 1 1896 35 
27 21 32 28 31 26 22 27 26 1 1133 40 
15 16 11 12 11 14 16 13 16 1 1613 39 
33 38 31 24 39 25 35 33 28 1 602 6 
27 21 23 23 30 31 26 20 26 1 816 67 
32 32 34 28 24 37 34 36 35 1 802 67 
16 14 15 13 12 15 13 12 15 1 753 78 
33 24 24 39 26 37 28 35 33 1 1958 19 
39 31 38 29 35 43 35 36 41 1 1910 73 
28 22 21 31 33 23 24 31 28 1 1885 15 
25 28 30 29 27 23 27 29 27 1 647 88 
23 18 17 24 18 26 20 17 27 1 1471 21 
20 21 17 19 20 21 17 24 17 1 1355 21 
37 39 38 45 38 42 35 35 40 1 1396 48 
38 31 42 29 44 41 43 35 38 1 1820 53 
6 4 4 4 5 4 6 5 5 1 675 33 
16 17 12 13 16 13 17 17 14 1 1683 38 
17 16 14 18 18 19 18 13 12 1 1469 95 
29 22 32 31 29 26 21 34 29 1 1293 84 
11 11 12 11 10 10 9 9 9 1 1988 32 
20 22 22 23 16 15 22 24 18 1 1482 97 
23 26 17 19 27 23 22 24 19 1 1065 9 
39 37 43 37 46 43 33 46 43 1 1955 17 
28 29 25 33 27 29 23 22 23 1 1644 36 
30 22 32 36 29 33 29 28 25 1 1922 84 
1 0 0 0 0 0 0 0 0 1 829 32 
30 22 27 32 30 32 31 22 23 1 1693 71 
33 26 38 27 28 37 33 39 33 1 1531 81 
28 26 24 30 24 30 29 22 34 1 1543 82 
2 1 1 1 1 1 1 1 1 1 1319 55 
16 19 19 15 17 12 15 15 17 1 1858 66 
28 22 34 25 28 23 32 30 24 1 1043 95 
31 32 25 27 37 24 25 25 34 1 1803 54 
10 7 7 9 11 8 9 8 7 1 2029 66 
32 37 28 29 28 24 35 31 29 1 1542 60 
29 29 35 27 33 34 34 28 34 1 812 7 
11 11 8 11 8 9 8 10 8 1 1018 60 
17 15 17 17 19 19 18 19 16 1 1461 2 
20 18 20 23 21 16 22 23 21 1 1603 63 
22 18 23 22 17 26 25 17 26 1 1882 46 
6 5 4 6 5 5 4 4 4 1 1360 90 
22 18 20 22 16 20 23 17 17 1 1094 97 
32 27 26 24 39 31 26 26 36 1 1237 79 
4 4 3 4 4 3 3 4 3 1 792 67 
30 24 36 30 32 30 23 34 32 1 1612 64 
8 9 7 9 7 7 6 8 8 1 1442 18 
7 7 6 5 6 7 5 7 5 1 1925 20 
6 4 5 6 5 5 6 6 5 1 1075 91 
22 21 23 20 18 22 25 26 22 1 1523 23 
27 23 20 21 24 25 29 30 22 1 2035 44 
12 13 14 13 9 12 14 9 11 1 556 25 
14 10 14 16 14 13 16 12 13 1 1211 15 
17 16 12 16 18 19 13 19 15 1 1660 64 
12 12 11 14 10 12 9 12 13 1 803 22 
3 2 2 2 2 2 2 2 2 1 1372 97 
14 10 16 13 12 13 10 14 11 1 1086 58 
28 33 32 29 32 32 26 26 33 1 937 3 
27 31 22 27 32 31 31 22 25 1 2030 97 
2 1 1 1 1 1 1 1 1 1 713 65 
26 31 19 24 21 30 20 24 21 1 784 12 
2 1 1 1 1 1 1 1 1 1 1603 85 
23 26 24 21 18 19 21 20 26 0  
5 5 3 3 3 4 4 3 4 1 1193 66 
36 28 29 43 28 31 29 42 38 1 1940 14 
12 14 9 10 9 11 9 10 10 1 671 71 
36 43 43 28 31 44 42 39 33 1 681 51 
32 26 29 31 30 39 35 32 29 1 1555 33 
9 9 9 8 7 9 7 6 10 1 1710 5 
5 3 3 3 5 4 4 4 5 1 1190 27 
8 9 8 9 7 6 9 6 7 1 1160 40 
35 31 41 35 33 39 33 28 32 1 1371 97 
38 28 28 32 45 35 29 39 44 1 860 15 
36 44 31 40 44 44 28 29 34 1 1369 2 
6 4 4 6 5 6 5 4 6 1 1595 85 
5 5 4 4 3 5 5 5 5 1 1205 11 
38 30 45 28 36 42 42 36 45 1 959 46 
31 36 26 25 37 23 25 30 28 1 1483 88 
35 31 28 41 36 37 28 39 29 1 1281 86 
37 32 27 32 31 36 32 39 28 1 837 67 
22 24 26 19 23 21 17 25 18 1 1235 24 
33 32 35 38 36 40 34 26 31 1 1137 59 
23 24 20 23 27 27 27 19 19 1 697 39 
10 8 7 10 8 7 9 11 8 1 804 5 
0 0 0 0 0 0 0 0 0 1 1520 12 
30 22 23 29 23 26 29 28 25 1 705 7 
2 1 1 1 1 1 1 1 1 1 1355 15 
10 8 11 7 7 10 7 10 11 1 1625 4 
18 13 13 19 21 18 20 20 18 1 999 24 
7 7 5 6 6 7 6 7 5 1 2000 88 
17 16 16 19 15 19 16 12 18 1 1575 24 
1 0 0 0 0 0 0 0 0 1 1397 89 
23 24 23 23 26 24 27 18 17 1 1267 37 
15 16 16 15 13 14 17 16 16 1 1687 10 
34 32 38 29 27 30 25 31 32 1 1242 33 
20 15 16 24 18 22 22 16 18 1 1449 61 
22 22 17 25 20 16 16 24 20 1 1084 17 
16 12 19 19 15 14 18 13 17 1 1207 31 
35 29 28 38 32 39 26 33 42 1 758 15 
32 39 33 34 29 29 34 24 27 1 1804 60 
34 26 29 31 34 31 27 36 25 1 912 38 
15 17 15 16 12 14 11 14 12 1 1729 91 
38 28 43 36 43 44 34 38 42 0  
0 0 0 0 0 0 0 0 0 0  
14 14 12 10 11 11 11 14 13 1 2002 25 
32 24 31 26 24 27 35 35 24 1 823 77 
13 9 13 15 15 10 9 14 13 1 991 30 
17 15 20 13 14 15 20 20 14 1 1892 83 
11 12 11 9 8 8 8 10 8 1 1424 81 
7 6 7 6 5 5 5 6 5 1 721 54 
4 4 4 4 3 3 3 4 4 1 2026 20 
23 18 17 21 24 21 27 18 26 1 1120 61 
32 35 24 29 32 32 33 25 24 1 1034 6 
29 24 32 27 28 25 22 30 29 1 1026 76 
19 18 16 21 17 22 21 22 20 1 724 81 
32 39 31 35 28 24 28 26 36 1 1389 97 
18 18 18 17 16 15 19 13 13 1 1505 41 
12 13 12 11 14 13 10 9 10 1 1587 15 
5 5 4 4 5 3 4 4 5 1 1013 91 
6 5 4 4 6 5 5 4 6 1 1822 39 
9 6 8 8 7 7 8 8 8 1 1908 37 
25 21 24 30 18 24 21 26 20 1 1686 63 
14 11 11 14 14 16 14 16 10 1 1420 16 
2 1 1 1 1 1 1 1 1 1 975 75 
28 23 33 23 21 21 29 31 24 1 881 39 
7 5 5 7 6 7 5 5 5 1 1071 72 
11 11 10 12 12 8 12 10 10 1 959 98 
22 16 19 25 26 26 23 21 21 1 1359 95 
1 0 0 0 0 0 0 0 0 1 1280 69 
26 31 21 27 31 19 20 30 20 1 1783 55 
22 19 17 16 16 17 23 16 25 1 1960 22 
22 16 24 22 20 19 16 23 20 1 1796 26 
35 29 31 38 36 27 28 27 41 1 862 8 
2 1 1 1 1 1 1 1 1 1 1254 31 
3 2 2 2 2 2 2 2 2 1 1210 20 
7 6 7 5 5 7 5 7 5 1 964 77 
35 37 26 39 39 35 34 26 40 1 1117 21 
23 18 27 20 25 25 27 17 20 1 1724 77 
36 30 37 28 29 28 39 34 29 1 1493 35 
8 7 8 7 7 6 9 7 8 1 644 89 
16 13 18 14 12 16 13 17 16 1 1696 87 
25 22 22 30 21 22 21 23 24 1 1935 27 
39 47 46 30 38 47 43 43 43 1 698 83 
10 11 9 11 7 8 10 8 8 1 1756 10 
2 1 1 1 1 1 1 1 1 1 1708 26 
34 30 25 33 31 38 38 27 33 1 737 8 
8 6 9 8 9 9 8 9 6 1 1241 94 
33 33 37 24 37 26 38 34 38 1 1682 76 
36 42 32 28 31 27 39 37 34 1 890 82 
2 1 1 1 1 1 1 1 1 1 1824 66 
2 1 1 1 1 1 1 1 1 1 1386 26 
10 11 11 7 9 10 10 9 10 1 1764 8 
11 8 9 12 8 11 8 11 12 1 1065 45 
28 22 27 29 22 21 25 31 23 1 1652 43 
22 20 17 16 22 17 16 22 23 1 1535 42 
8 6 9 8 8 8 6 8 9 1 1509 52 
1 0 0 0 0 0 0 0 0 1 1165 12 
35 38 36 27 26 41 36 39 29 1 961 60 
12 12 14 14 13 11 14 11 14 1 901 65 
6 4 4 5 5 5 6 4 4 1 1617 89 
20 16 20 23 16 20 22 20 21 1 1610 94 
30 32 36 27 33 27 31 28 36 1 1306 18 
15 16 11 16 17 17 17 15 11 1 1939 81 
24 24 29 27 25 22 29 20 24 1 1553 21 
24 29 21 21 19 28 18 26 29 1 785 76 
22 21 17 16 22 21 24 18 23 1 1211 76 
27 31 30 27 25 26 32 21 29 1 1819 41 
30 24 32 24 24 28 33 30 24 1 1727 45 
26 20 24 23 28 19 22 28 21 1 1338 32 
12 9 13 14 11 14 12 11 10 1 1384 44 
37 33 30 34 35 34 43 40 27 1 1364 21 
34 33 41 34 32 39 37 28 26 1 1238 35 
16 13 19 19 19 19 18 16 18 1 1439 1 
37 28 28 29 44 31 37 42 40 1 1738 30 
30 35 24 30 32 36 33 35 25 1 914 55 
24 29 26 28 20 27 28 22 21 1 1045 96 
25 25 24 21 28 28 28 20 20 1 772 71 
3 2 2 2 2 2 2 2 2 1 1943 98 
0 0 0 0 0 0 0 0 0 1 1882 57 
33 35 27 25 30 24 24 29 38 1 980 83 
38 32 32 38 34 36 33 34 35 1 1683 98 
17 20 17 12 20 13 16 13 19 1 767 99 
26 26 27 27 28 25 22 19 28 1 1847 60 
39 46 31 46 34 41 42 39 43 0  
24 28 18 29 24 26 19 18 28 1 1676 62 
12 11 14 12 14 9 14 13 9 1 1678 69 
11 11 12 10 10 10 10 9 9 1 1776 49 
6 4 4 5 5 5 6 4 6 1 1298 2 
19 16 18 18 22 17 18 17 15 1 1633 16 
35 26 40 41 31 28 32 27 28 1 934 49 
5 5 3 3 3 4 3 4 4 1 1725 95 
39 42 31 37 45 40 29 40 36 0  
10 11 11 11 11 10 7 7 8 1 1323 40 
29 21 29 25 35 30 33 21 26 0  
27 23 23 20 26 27 29 27 28 1 1308 68 
25 28 20 18 21 30 24 22 24 1 885 89 
9 10 9 10 6 10 7 6 7 1 1249 66 
15 15 15 16 12 16 17 15 15 1 1585 77 
25 27 23 18 19 30 19 29 25 1 862 38 
20 24 21 15 16 17 15 16 16 1 1103 94 
7 6 7 6 6 5 5 5 5 1 1793 20 
18 13 21 17 21 20 20 19 16 1 1653 7 
7 7 7 5 7 5 6 7 6 0  
24 19 26 23 25 21 19 28 27 1 1747 22 
4 3 3 4 3 3 3 4 3 1 1555 64 
7 7 6 5 5 6 7 7 6 1 1849 33 
33 27 37 27 34 26 37 37 39 1 1591 62 
14 10 11 14 10 10 10 10 14 1 1071 77 
38 43 36 37 40 46 32 42 39 1 1468 50 
38 32 40 46 29 28 37 37 29 1 1784 91 
22 19 18 19 25 16 20 24 17 1 1189 7 
38 29 31 36 29 39 38 44 38 1 1316 82 
35 32 41 41 39 30 30 38 26 1 1220 56 
18 16 17 20 13 21 13 18 16 1 1184 76 
7 6 6 5 6 6 5 6 5 1 1000 13 
2 1 1 1 1 1 1 1 1 1 1400 99 
4 3 4 4 3 3 4 4 4 1 1945 25 
16 19 13 19 13 17 15 19 18 1 1647 76 
0 0 0 0 0 0 0 0 0 1 1006 57 
12 12 9 9 10 9 13 14 12 1 1006 94 
11 8 9 8 10 12 11 11 11 1 1696 50 
20 19 19 16 19 15 19 24 19 1 927 44 
10 7 7 10 11 7 8 8 9 1 1885 45 
31 37 24 28 25 31 29 27 36 1 1002 22 
6 4 6 5 5 5 4 6 6 1 1269 67 
37 43 37 38 33 38 29 28 32 1 1746 89 
24 20 24 29 27 21 25 24 29 1 876 3 
26 30 21 20 24 29 30 21 31 1 1401 96 
9 9 8 6 7 10 9 6 7 1 1451 32 
4 3 3 4 3 4 3 4 3 1 1182 2 
15 13 16 16 15 15 11 16 15 1 923 43 
10 8 8 10 9 10 7 10 7 1 1120 62 
17 19 14 14 18 13 16 17 15 1 1615 0 
20 23 23 16 15 15 24 23 18 1 1440 95 
26 21 21 29 19 19 20 22 19 1 1884 32 
20 21 15 18 18 15 17 21 22 1 1310 82 
10 9 8 10 8 8 8 11 8 1 1203 83 
1 0 0 0 0 0 0 0 0 1 1536 87 
34 32 29 27 28 41 33 37 26 1 1779 3 
17 13 19 12 13 20 14 12 15 1 1819 4 
18 20 19 18 20 21 17 18 20 1 1643 80 
37 29 43 35 30 39 37 28 29 1 1061 67 
8 9 6 7 7 8 8 6 9 1 1440 12 
21 19 16 19 23 16 16 20 25 1 1291 94 
12 11 10 13 14 14 11 9 9 1 790 35 
7 7 7 6 6 6 7 6 7 1 1334 15 
4 4 4 3 3 3 4 3 3 1 1836 37 
32 32 25 38 26 34 25 29 31 1 777 3 
21 15 17 18 19 19 23 16 25 1 800 5 
25 24 22 28 19 30 28 20 24 1 835 8 
21 24 20 22 25 17 19 15 19 1 1609 4 
32 35 35 33 28 34 35 26 33 1 997 46 
15 16 12 17 16 12 12 17 13 1 1071 97 
13 10 15 9 11 12 13 15 10 1 884 68 
8 9 7 7 9 7 6 8 8 1 1987 14 
27 22 26 31 20 20 21 29 30 1 1565 99 
7 5 7 7 5 5 7 6 6 1 774 5 
15 11 16 15 17 16 11 12 12 1 779 6 
18 21 19 20 17 14 15 16 14 1 1718 97 
6 6 6 5 5 4 5 6 4 1 1827 62 
23 24 23 26 17 21 27 22 26 1 1440 39 
7 7 6 5 6 5 6 7 6 1 2017 36 
4 3 4 3 4 4 4 3 4 1 923 20 
34 31 28 36 37 31 41 33 35 1 1576 1 
23 25 18 24 21 20 27 24 22 1 1306 45 
11 11 9 12 10 10 8 9 12 1 1031 64 
20 15 24 23 20 21 23 21 16 1 1090 3 
15 11 17 14 16 11 15 13 16 1 1156 37 
32 39 29 25 25 29 35 28 36 1 1613 62 
27 26 27 22 28 20 30 31 31 1 1244 12 
31 36 29 27 31 32 33 32 32 1 888 39 
2 1 1 1 1 1 1 1 1 1 1535 50 
21 21 17 23 15 22 22 18 16 1 1666 37 
22 25 21 18 21 18 25 20 25 1 1252 44 
33 39 36 30 40 33 35 32 33 1 1404 4 
14 10 14 16 13 16 14 14 13 1 1700 47 
12 13 10 13 14 14 10 9 9 0  
29 27 30 34 23 32 35 35 25 1 1762 13 
18 16 20 19 17 15 15 14 18 1 1721 80 
38 33 44 37 38 45 40 42 36 1 1012 73 
33 30 26 24 26 32 32 36 26 1 1713 8 
31 24 35 32 35 24 34 33 25 1 862 15 
4 3 4 4 3 4 3 4 3 1 1733 17 
24 28 29 29 27 22 22 24 25 1 1836 24 
23 23 27 24 24 27 27 26 19 1 1640 22 
22 22 17 22 25 20 25 22 17 0  
35 31 29 35 39 30 30 35 38 1 1596 39 
3 2 2 2 2 2 2 2 2 1 1665 64 
11 10 11 8 12 12 10 8 12 1 1469 17 
38 41 46 42 30 45 39 28 41 1 1132 5 
13 11 13 13 13 11 11 10 9 1 1016 73 
34 38 29 27 30 35 25 25 30 1 1589 97 
23 23 26 21 26 20 24 24 26 1 946 22 
28 29 25 28 32 31 32 34 29 1 1111 42 
34 30 35 26 30 34 40 26 33 1 1786 75 
11 10 10 12 9 11 9 11 10 1 1001 24 
32 29 39 32 35 32 35 35 32 1 1898 0 
14 16 13 16 10 13 14 11 12 1 1977 17 
37 32 41 39 29 31 29 31 37 1 860 41 
0 0 0 0 0 0 0 0 0 1 1073 83 
27 25 23 30 29 32 31 29 27 1 1149 16 
29 24 35 33 26 27 25 28 30 1 1181 44 
39 33 35 47 30 43 47 36 43 1 1189 8 
34 26 39 36 40 26 36 36 27 1 1678 18 
33 38 38 32 39 33 30 29 35 1 2004 4 
18 17 20 17 19 13 14 19 21 1 1032 84 
10 8 9 10 7 7 10 9 7 1 1559 97 
32 34 33 37 37 26 26 29 27 1 1863 88 
20 24 23 21 23 19 15 19 15 1 1473 55 
34 31 34 26 31 27 26 36 41 1 1897 75 
15 13 16 12 16 14 11 16 11 1 1473 39 
18 16 20 14 21 19 21 20 20 1 999 11 
37 29 44 44 39 30 42 29 27 1 1747 53 
19 20 22 20 19 17 15 15 20 1 1656 78 
13 12 12 12 11 15 10 15 13 1 1382 26 
31 33 31 32 23 32 24 31 23 1 1302 37 
2 1 1 1 1 1 1 1 1 1 1990 93 
20 23 24 19 20 23 18 21 16 1 1057 13 
10 8 9 8 7 7 7 10 10 1 1755 62 
0 0 0 0 0 0 0 0 0 1 1830 13 
15 15 15 15 13 11 16 15 12 1 1623 90 
16 19 19 15 12 16 14 12 14 1 1289 29 
3 2 2 2 2 2 2 2 2 1 2005 73 
33 34 30 31 27 39 34 25 33 1 967 35 
14 12 15 14 11 15 14 12 15 1 971 36 
37 28 45 34 32 45 43 45 27 1 1489 24 
18 18 18 19 14 15 16 15 13 1 1974 61 
33 28 36 31 28 25 40 25 33 1 1451 9 
28 22 34 27 28 33 29 25 29 1 1796 61 
21 22 20 16 16 22 22 16 21 1 1951 95 
21 20 15 25 23 16 15 24 24 1 1943 65 
38 29 35 29 42 29 40 42 43 1 1768 23 
31 27 37 37 29 35 36 36 26 1 939 95 
18 15 21 17 18 18 14 14 15 1 1308 57 
11 9 8 10 10 10 8 9 11 1 1550 42 
3 2 2 2 2 2 2 2 2 1 1628 9 
32 30 38 36 33 26 35 28 30 1 1501 7 
10 10 10 10 8 8 9 10 10 1 1595 54 
31 23 26 25 26 36 31 28 25 1 1931 60 
4 4 3 3 4 4 4 4 3 1 1702 39 
11 9 8 10 10 10 11 11 11 1 946 32 
3 2 2 2 2 2 2 2 2 1 1250 73 
23 21 19 22 25 21 21 22 21 1 1697 15 
16 14 18 12 16 15 14 15 17 1 1812 21 
23 23 19 20 18 18 17 26 25 1 858 81 
34 30 38 40 28 30 29 37 32 1 1425 21 
37 37 36 44 39 38 45 30 36 1 1995 76 
4 3 4 4 4 3 3 4 3 1 1895 87 
14 11 11 15 15 10 12 11 11 1 939 53 
3 2 2 2 2 2 2 2 2 1 1524 1 
9 9 9 10 9 9 7 8 8 1 1117 65 
12 13 10 10 10 11 13 12 11 1 1935 32 
3 2 2 2 2 2 2 2 2 1 1746 60 
36 28 27 27 38 29 39 43 33 1 1690 78 
24 19 29 24 25 26 20 19 29 1 1625 20 
10 8 8 11 9 8 9 9 11 1 1796 11 
25 27 25 27 18 29 28 20 20 1 1343 60 
5 5 3 3 4 3 5 4 5 1 1570 54 
20 24 20 20 24 20 22 20 21 1 1390 70 
35 38 36 33 30 39 37 33 41 1 1674 89 
39 33 42 34 30 35 30 39 39 1 1886 60 
17 18 19 13 13 18 13 19 15 1 1088 85 
4 4 4 3 3 3 3 3 4 1 1954 49 
38 44 33 37 39 30 42 30 32 1 1851 60 
13 10 14 9 14 9 10 13 12 1 1270 22 
16 16 12 14 12 15 16 17 17 1 1979 1 
26 19 26 29 28 20 27 28 20 1 1896 55 
18 18 16 16 17 16 15 18 13 1 1538 74 
7 6 5 7 5 7 5 7 6 1 1233 25 
10 10 11 10 8 8 10 8 11 1 1214 0 
38 44 45 35 46 35 31 31 40 0  
31 34 36 27 30 24 27 37 30 1 1483 50 
29 33 25 21 27 28 27 28 22 1 1928 70 
6 4 4 5 4 6 5 4 4 1 1086 68 
29 27 21 35 34 33 32 27 30 1 1023 11 
12 9 12 9 14 11 13 13 10 1 1341 30 
33 30 25 30 34 29 27 35 35 1 1598 29 
27 28 25 22 31 23 21 27 31 1 1288 4 
9 8 10 7 9 10 9 10 7 1 2042 77 
19 15 16 19 15 16 19 21 16 1 1717 8 
39 30 30 47 33 42 47 29 35 1 1206 56 
14 14 14 14 11 12 12 15 11 1 1605 57 
18 15 20 14 20 16 19 14 15 1 2039 61 
24 25 20 19 29 20 21 22 19 0  
12 11 9 12 12 10 13 11 9 1 1333 32 
9 7 10 7 8 6 7 6 6 1 1474 18 
34 34 32 33 31 31 40 31 31 1 1466 18 
35 27 42 36 37 39 41 34 26 1 1712 96 
33 36 26 28 24 37 38 24 34 1 1615 40 
1 0 0 0 0 0 0 0 0 1 1599 0 
17 17 15 18 16 16 19 19 15 1 1259 48 
27 30 23 22 31 26 29 27 31 1 1399 42 
29 25 27 26 24 25 26 28 32 0  
35 35 41 34 37 37 31 34 30 1 1676 62 
4 3 3 4 3 3 4 3 3 1 1592 7 
33 25 26 39 25 37 36 31 37 1 1530 30 
38 41 44 37 30 32 41 28 29 1 1037 71 
25 29 24 24 28 27 21 26 26 1 1954 66 
3 2 2 2 2 2 2 2 2 1 1856 14 
6 5 4 4 4 5 4 6 5 1 1370 93 
8 9 8 6 7 7 7 9 8 1 1499 46 
18 17 17 21 20 19 16 19 14 1 2001 18 
36 31 32 36 30 33 36 36 30 1 1976 39 
4 3 3 4 4 3 4 3 3 1 988 28 
4 4 4 3 3 4 4 4 4 1 1487 51 
17 17 17 13 20 14 16 16 20 1 1152 86 
22 17 23 25 26 25 19 24 19 1 1806 84 
36 28 42 42 36 42 35 44 42 1 1883 78 
7 5 5 5 6 5 6 7 5 1 1506 97 
12 11 10 12 12 9 12 13 14 1 1451 13 
17 17 17 20 16 20 18 12 14 1 1183 0 
38 41 38 29 39 35 43 45 38 1 1704 6 
35 34 41 42 31 33 30 33 30 1 1749 2 
1 0 0 0 0 0 0 0 0 1 1684 39 
36 27 38 44 31 44 33 27 40 1 1581 90 
25 19 22 20 26 28 24 18 24 1 2041 90 
39 37 41 47 44 40 39 37 41 1 1733 87 
19 22 19 20 14 14 21 17 16 1 1813 88 
26 23 19 30 27 26 30 30 30 1 1538 7 
3 2 2 2 2 2 2 2 2 1 1559 71 
22 16 24 17 18 18 16 25 26 1 1736 29 
31 26 35 28 27 32 30 35 32 1 1239 16 
25 18 30 21 21 23 28 18 24 1 1776 8 
6 4 5 6 6 4 4 4 4 1 1835 6 
32 29 39 26 36 31 36 26 28 1 1366 16 
11 8 11 10 10 11 11 10 10 1 1286 23 
2 1 1 1 1 1 1 1 1 1 1628 13 
34 39 31 29 37 29 31 25 26 1 1054 48 
1 0 0 0 0 0 0 0 0 1 1500 20 
35 32 41 26 30 36 29 29 34 1 1577 71 
13 12 15 11 9 13 9 15 15 1 1738 19 
7 7 6 6 6 6 5 7 5 1 1306 37 
24 26 18 26 19 18 28 27 22 1 1657 80 
2 1 1 1 1 1 1 1 1 1 974 41 
10 7 9 11 9 10 11 10 9 1 1984 94 
20 19 19 16 15 24 15 22 19 1 2013 53 
18 14 19 19 21 13 15 19 18 1 1126 58 
14 13 11 11 11 12 16 13 10 1 1755 29 
19 18 22 17 19 19 18 16 17 1 1310 87 
34 31 37 40 27 30 28 34 27 1 1990 25 
26 26 19 26 31 28 19 22 21 1 1186 95 
38 43 37 30 44 36 37 35 46 1 1778 91 
27 26 22 21 30 27 32 30 27 1 1463 84 
21 24 15 15 17 17 21 22 22 1 1854 59 
24 23 21 26 19 20 24 29 29 1 1075 29 
19 14 15 15 21 22 14 20 20 1 1543 85 
31 37 24 31 33 34 33 30 27 1 2005 86 
28 33 31 28 30 33 28 25 21 1 1551 63 
38 36 45 33 41 44 33 43 43 1 1575 95 
19 14 22 14 14 16 16 21 17 1 1081 53 
34 27 31 41 27 33 28 29 40 0  
19 17 22 15 21 14 21 18 18 0  
38 41 44 33 33 28 41 42 29 1 1828 29 
39 40 30 36 40 44 41 33 32 1 1411 22 
24 28 21 28 27 18 25 21 22 1 1234 99 
17 16 15 15 19 16 19 19 15 1 2003 36 
33 25 35 29 35 28 35 38 24 1 1696 66 
29 34 23 25 28 24 25 33 26 1 1516 36 
11 10 9 11 10 10 9 8 9 1 1129 72 
33 25 34 28 34 25 30 38 39 1 953 25 
15 14 16 16 11 14 16 14 14 1 1965 85 
28 32 29 30 32 22 23 31 30 1 1811 87 
35 38 41 33 32 29 27 31 42 1 1308 38 
11 11 12 12 8 10 9 10 9 1 976 34 
38 37 40 45 33 33 44 38 40 1 1011 4 
9 7 9 7 7 6 6 8 6 1 1524 53 
13 13 12 11 9 14 10 12 11 1 1267 64 
32 24 30 30 24 38 33 35 24 1 1287 27 
31 36 29 31 27 23 25 37 36 1 1453 98 
15 17 13 12 11 16 12 15 13 1 1228 61 
7 5 7 7 6 6 6 7 7 1 1640 16 
25 29 29 21 21 26 28 23 23 1 1933 27 
39 43 36 42 33 47 42 38 32 1 1887 12 
32 30 38 36 31 25 36 39 28 1 1539 48 
16 15 14 16 13 19 12 13 15 1 1354 55 
24 28 25 23 26 18 18 27 27 1 1794 74 
3 2 2 2 2 2 2 2 2 1 1428 24 
4 4 4 4 3 4 4 3 3 1 1234 54 
22 20 19 26 17 17 25 24 18 1 1891 64 
13 13 13 13 14 15 13 9 13 1 1336 82 
19 22 14 19 19 16 18 19 15 1 1040 21 
14 13 10 12 13 16 12 11 10 1 1596 41 
35 32 40 31 26 33 31 28 41 1 1765 86 
22 16 26 18 16 21 21 22 26 0  
0 0 0 0 0 0 0 0 0 1 1376 70 
34 38 33 41 34 28 25 27 25 1 1954 84 
8 8 8 6 8 7 6 8 7 1 1861 16 
24 26 25 22 19 22 20 23 28 1 1087 29 
18 20 14 20 15 16 15 21 17 1 1600 55 
33 27 32 29 39 30 33 30 37 1 1528 74 
27 29 24 26 24 21 32 20 25 0  
28 33 25 34 26 26 31 29 23 1 1731 49 
2 1 1 1 1 1 1 1 1 1 2027 5 
26 31 26 22 25 22 27 30 22 1 1715 6 
19 21 14 19 17 15 19 16 21 1 1620 64 
38 40 36 36 31 43 41 42 29 1 1370 73 
2 1 1 1 1 1 1 1 1 1 1966 28 
16 13 12 17 15 18 18 14 18 0  
23 26 27 25 27 20 23 23 22 1 1425 90 
14 11 14 10 12 13 10 16 11 1 1660 27 
5 5 4 4 5 3 4 5 5 1 1614 81 
38 31 45 43 39 31 46 36 38 1 1854 60 
36 39 36 31 39 40 37 37 28 1 1878 0 
22 25 19 24 25 16 20 17 18 1 1787 30 
12 11 10 9 13 10 11 12 12 1 1585 20 
9 7 7 10 8 10 6 7 6 1 1335 57 
20 15 23 21 20 18 21 24 19 1 1872 85 
6 4 5 5 6 5 5 5 6 1 1115 14 
22 20 17 16 26 16 16 21 18 1 1485 89 
0 0 0 0 0 0 0 0 0 1 1553 67 
13 9 9 11 10 13 13 10 9 1 1747 24 
28 29 32 22 32 24 32 30 27 1 1058 95 
7 5 6 6 7 6 6 5 5 1 1445 62 
38 29 40 44 45 41 33 38 37 1 1146 95 
13 14 10 11 14 14 15 13 13 1 1839 94 
0 0 0 0 0 0 0 0 0 1 1866 64 
32 24 36 39 34 36 35 26 32 1 1577 95 
13 14 10 14 15 15 14 9 14 1 1873 51 
11 11 8 9 9 11 10 9 9 1 1802 9 
3 2 2 2 2 2 2 2 2 1 2039 10 
0 0 0 0 0 0 0 0 0 1 1844 73 
28 32 21 34 32 34 26 26 27 1 1161 35 
14 13 10 15 16 10 16 13 10 1 1835 56 
38 43 43 36 34 41 46 41 43 1 1899 48 
28 31 22 26 26 26 21 22 21 1 1663 23 
18 17 21 19 18 17 17 20 17 1 1411 96 
22 26 18 18 21 25 26 22 17 1 1553 69 
13 11 11 14 9 11 9 13 14 1 1506 83 
13 12 11 10 14 13 15 9 10 1 1109 27 
18 13 18 14 18 13 14 13 16 1 1801 57 
21 18 16 15 20 22 23 16 22 1 1766 62 
27 21 25 20 24 23 27 32 20 1 1609 29 
21 18 20 23 20 22 18 25 24 1 1878 57 
8 9 9 9 9 9 7 7 7 1 1751 13 
7 7 5 6 6 5 6 7 5 1 2029 28 
21 25 22 17 16 18 18 22 15 1 1075 69 
17 19 18 16 13 14 19 18 17 1 1444 96 
12 12 14 14 13 13 11 13 14 1 1589 65 
9 10 7 7 9 8 8 8 9 1 1614 59 
30 35 25 27 25 30 22 26 30 1 1378 71 
14 12 12 16 12 13 10 10 14 1 1066 2 
2 1 1 1 1 1 1 1 1 1 1994 55 
1 0 0 0 0 0 0 0 0 1 2031 35 
17 20 16 14 13 14 16 18 19 1 1833 71 
19 18 17 21 21 15 22 21 20 1 1219 95 
38 43 46 44 42 41 35 43 46 1 1186 68 
21 23 24 17 17 21 20 25 22 1 1369 97 
3 2 2 2 2 2 2 2 2 1 1495 72 
12 11 14 10 10 9 13 10 13 1 1552 21 
18 16 20 20 13 16 15 21 15 1 1956 85 
5 5 4 4 4 4 3 3 4 1 1170 83 
29 24 23 26 24 27 35 28 22 1 1788 93 
4 4 4 3 3 4 3 3 4 1 1539 98 
19 20 14 16 18 20 22 16 17 1 1259 87 
13 11 12 13 13 14 13 13 14 1 1822 37 
16 13 16 15 12 14 16 12 17 1 1911 23 
23 24 25 24 21 25 25 24 22 1 2001 47 
38 34 31 36 37 40 36 43 45 1 1213 82 
34 25 33 34 33 26 38 27 25 1 1745 22 
33 27 39 31 32 33 26 34 24 1 1669 73 
26 23 19 23 20 23 26 21 20 1 1662 66 
7 7 6 6 6 6 6 7 5 0  
33 33 28 36 32 29 40 38 25 1 1154 47 
4 4 4 3 3 3 4 4 4 1 1185 24 
19 19 22 17 20 18 15 14 22 1 1949 21 
26 30 30 30 28 27 28 29 19 1 1694 8 
7 6 6 6 5 5 6 6 7 1 1144 64 
38 34 40 35 32 29 33 30 28 1 1808 87 
30 26 32 29 25 32 25 36 23 1 1397 98 
32 29 29 32 30 38 35 33 27 1 1407 63 
23 27 21 24 27 19 17 22 25 1 1613 31 
19 19 18 18 20 18 19 22 15 1 1252 2 
3 2 2 2 2 2 2 2 2 1 1357 18 
20 23 21 17 23 17 18 24 18 1 1151 61 
29 34 21 24 30 35 25 29 32 1 1902 97 
38 36 44 29 46 28 34 39 34 1 1926 43 
26 20 22 20 19 23 30 24 27 1 1131 62 
37 44 42 27 41 43 27 40 35 1 1788 75 
19 14 19 20 14 16 20 19 14 1 1860 10 
29 34 24 21 31 26 28 23 27 1 1378 11 
37 36 34 40 31 41 35 33 32 1 1329 35 
19 17 17 17 18 16 17 22 15 1 1727 55 
0 0 0 0 0 0 0 0 0 1 1849 80 
34 28 32 39 31 25 30 34 36 1 1310 67 
12 13 10 11 14 12 11 9 11 1 1689 18 
32 30 36 26 25 26 34 31 37 1 1513 17 
22 24 24 17 20 20 25 19 26 1 1371 45 
2 1 1 1 1 1 1 1 1 1 1155 71 
34 29 30 25 33 28 31 35 36 1 1753 55 
31 32 29 36 36 25 31 36 26 1 1852 97 
37 33 34 29 34 30 44 35 30 1 1861 37 
18 18 14 14 20 14 16 15 19 1 1743 61 
18 21 17 19 19 18 19 13 21 0  
16 19 13 15 14 15 17 17 17 1 1351 53 
4 4 4 3 3 4 3 3 4 1 1474 35 
7 6 7 6 6 7 5 6 7 1 1647 61 
8 9 6 6 6 6 8 6 6 1 1641 7 
37 29 32 42 41 27 43 44 39 1 1951 72 
38 44 32 38 33 29 42 31 32 1 1688 53 
32 31 34 35 37 26 39 28 31 1 1366 57 
31 36 24 26 25 37 34 37 36 1 1835 44 
22 21 23 19 16 22 16 20 24 1 1751 38 
13 14 15 11 10 14 14 10 14 0  
19 16 21 21 15 17 22 21 16 1 1573 79 
34 29 26 26 29 30 31 26 31 1 1806 30 
26 26 31 24 19 19 22 21 30 1 1323 95 
25 29 27 20 24 24 18 29 21 1 1548 17 
24 27 27 22 20 28 28 23 26 1 1268 0 
29 35 27 32 25 28 28 22 26 1 1884 95 
15 15 17 14 14 13 11 12 11 1 1134 60 
29 30 24 35 26 21 22 24 31 1 1685 95 
26 24 25 20 24 31 26 20 29 1 1717 41 
19 22 19 14 16 14 22 17 16 1 1298 68 
5 5 5 4 4 5 4 3 5 1 1611 59 
36 27 38 43 35 31 44 38 27 1 1671 8 
7 7 6 6 5 5 7 5 6 1 1809 67 
6 4 4 4 4 5 5 4 5 1 1530 33 
38 43 45 28 41 33 37 39 35 1 2034 75 
32 38 30 38 33 27 25 39 30 1 1898 65 
27 25 26 31 22 25 20 22 23 1 1621 50 
4 3 3 3 3 4 4 4 4 1 2002 33 
5 5 4 4 3 4 4 4 5 1 1561 37 
4 3 3 4 4 3 3 4 4 1 1292 35 
39 34 45 37 35 38 45 39 37 1 1373 74 
35 32 30 30 37 33 26 29 37 1 1200 13 
4 4 4 4 4 4 4 4 4 1 1764 57 
1 0 0 0 0 0 0 0 0 1 1942 0 
27 27 24 22 28 28 22 28 26 1 1648 85 
15 15 13 12 11 13 12 17 17 1 1332 56 
22 24 17 26 19 23 25 22 26 1 1794 85 
30 31 25 29 29 32 26 27 32 1 1407 90 
29 27 35 31 26 34 32 33 35 1 1326 25 
39 47 47 43 33 34 39 38 40 1 2029 39 
26 24 28 20 23 30 27 27 30 1 1187 68 
38 40 29 42 42 46 43 29 31 1 1869 68 
14 13 11 12 10 10 12 15 14 1 1854 72 
6 6 6 6 5 4 6 5 4 1 1613 81 
21 16 15 22 22 24 22 24 24 1 1470 1 
0 0 0 0 0 0 0 0 0 1 1378 65 
26 28 22 21 21 28 21 22 23 1 1230 58 
6 5 4 5 5 4 5 4 6 1 1764 40 
37 35 33 31 35 45 40 28 31 1 1578 29 
12 11 13 10 9 12 10 12 9 1 1668 86 
18 20 15 16 18 18 14 13 16 1 1764 11 
1 0 0 0 0 0 0 0 0 1 1616 49 
11 9 12 12 12 10 11 12 8 1 1632 85 
38 42 46 44 33 34 41 43 36 0  
12 11 13 14 14 10 14 14 10 1 1417 24 
19 17 17 18 19 17 14 15 16 1 1841 90 
36 35 31 43 44 43 43 33 30 1 1296 79 
0 0 0 0 0 0 0 0 0 1 1352 97 
9 7 10 9 8 6 8 6 6 1 1416 88 
4 4 4 3 3 3 4 4 3 1 1917 90 
10 8 10 8 7 10 9 7 11 1 1280 25 
28 27 29 23 31 30 30 27 29 1 1243 34 
25 25 23 23 20 19 23 28 30 1 1307 50 
17 15 12 20 17 16 18 19 16 1 1689 8 
13 9 12 14 13 9 14 13 12 1 2041 32 
24 24 18 26 24 23 24 21 26 1 1426 44 
29 30 29 21 32 26 35 34 28 1 1467 89 
24 24 22 18 18 28 25 27 27 1 1407 88 
38 37 30 35 42 28 38 35 29 1 1528 44 
8 6 8 7 9 7 6 7 9 1 1690 20 
6 5 6 6 5 5 6 5 5 1 1374 30 
25 20 22 23 28 27 18 24 18 1 1683 71 
39 32 36 45 46 30 34 47 31 1 1488 90 
27 27 23 23 29 20 28 30 24 1 1242 69 
33 35 38 30 24 35 31 27 31 1 1453 14 
6 4 4 6 5 5 4 5 4 1 1490 19 
21 17 19 21 15 23 22 20 17 1 1261 7 
1 0 0 0 0 0 0 0 0 1 1623 88 
25 20 19 26 19 25 25 26 19 1 1680 7 
38 37 41 42 34 38 46 40 29 1 1639 48 
6 4 6 4 4 5 5 6 4 1 1990 96 
20 19 17 17 16 19 16 16 16 1 1684 71 
6 6 6 6 5 6 5 5 4 1 1523 91 
32 39 24 38 39 29 26 29 36 1 1951 64 
25 20 23 27 25 18 28 30 27 1 1719 3 
38 33 41 44 46 37 46 43 34 1 1627 93 
24 24 22 28 26 18 28 26 25 1 1287 85 
6 6 5 6 5 4 5 6 5 1 1518 39 
28 24 26 34 33 30 31 25 26 1 1385 44 
7 5 5 7 7 6 7 5 5 1 1379 93 
19 15 17 20 19 19 22 17 15 1 1253 20 
21 18 25 22 23 21 21 24 22 1 1775 55 
20 17 19 21 22 16 19 23 20 1 1247 38 
25 20 29 21 29 29 27 22 30 1 1567 10 
28 33 25 32 27 31 30 33 22 1 1848 93 
38 33 30 30 40 44 46 31 37 1 1735 68 
12 14 9 11 13 13 14 9 14 1 1715 99 
37 41 37 29 34 34 34 30 28 1 1703 48 
32 35 33 25 29 37 37 31 32 1 1427 47 
36 37 39 33 27 28 32 43 41 1 1366 82 
10 9 10 10 11 8 8 7 11 0  
1 0 0 0 0 0 0 0 0 1 1992 7 
7 6 5 5 6 5 6 7 6 1 1509 79 
28 23 31 29 22 28 24 23 23 1 1531 29 
5 4 3 4 4 5 4 5 4 1 1294 73 
33 35 37 39 39 33 30 38 28 1 1568 37 
1 0 0 0 0 0 0 0 0 1 1805 13 
24 25 23 24 24 22 26 21 27 1 1783 56 
5 5 5 4 5 3 4 5 4 1 1609 32 
5 5 5 4 5 3 4 5 3 1 1482 24 
38 36 29 39 30 29 29 36 34 1 1328 63 
35 33 40 33 33 42 28 30 28 1 1595 25 
15 16 17 16 11 12 12 15 11 1 1871 43 
10 7 9 7 9 8 11 11 9 1 1567 93 
37 34 27 33 41 31 28 31 45 1 1630 94 
30 25 30 23 29 30 23 23 24 1 1320 96 
21 21 20 21 17 18 22 15 21 1 1402 38 
32 29 39 32 29 31 28 26 37 1 1554 52 
31 33 28 33 35 37 24 26 26 1 1277 54 
15 16 16 14 13 13 12 13 12 1 1466 11 
0 0 0 0 0 0 0 0 0 1 1988 40 
23 27 18 19 22 25 24 25 21 1 1380 78 
35 41 36 38 42 36 35 34 38 1 1541 15 
31 23 25 34 30 27 25 29 36 1 1706 39 
29 32 23 21 33 34 29 21 27 1 1328 62 
25 26 20 28 20 20 23 29 22 1 1279 43 
4 4 4 3 3 3 4 4 3 1 1256 74 
14 14 16 13 12 16 15 16 14 1 1650 17 
38 31 46 44 46 38 38 45 45 1 1605 94 
35 31 33 38 27 32 39 27 26 1 1221 1 
34 29 33 36 31 28 27 40 41 1 1357 61 
23 20 18 21 22 24 27 18 24 1 1362 57 
8 9 8 8 6 6 8 6 9 1 1317 73 
28 28 33 29 22 25 24 26 31 1 1792 98 
28 34 33 21 22 27 27 22 28 1 1222 28 
4 3 3 4 3 4 4 3 4 1 1354 12 
13 11 13 9 13 14 14 9 11 1 1307 85 
17 17 14 12 13 15 15 12 16 1 1288 29 
26 29 28 21 19 22 23 19 26 1 1837 5 
32 25 29 27 31 38 36 34 29 1 1893 84 
37 35 35 41 28 41 44 33 27 1 1365 85 
0 0 0 0 0 0 0 0 0 1 1549 52 
0 0 0 0 0 0 0 0 0 1 1667 71 
22 18 21 25 21 23 16 18 24 1 2039 3 
8 8 8 8 7 9 7 8 6 1 1637 37 
24 28 26 23 24 26 26 25 26 1 1818 43 
5 5 4 5 3 5 4 3 4 1 1468 48 
9 10 9 9 7 9 7 7 9 1 1416 30 
27 31 32 22 24 22 28 24 22 1 1783 7 
38 35 37 30 35 29 33 31 38 1 1892 6 
16 17 16 15 17 19 13 17 12 1 1781 90 
19 19 15 21 19 15 16 22 17 1 1461 21 
5 3 4 5 3 4 4 5 3 1 2035 4 
17 20 17 17 13 19 19 12 15 1 1767 87 
36 28 43 35 44 31 39 38 32 1 1811 23 
26 22 19 21 28 23 28 23 25 1 1547 39 
6 6 5 5 4 6 4 4 6 1 1338 28 
16 12 12 14 13 12 13 18 12 1 1300 99 
39 38 41 36 42 37 43 47 47 1 1707 21 
20 17 17 24 24 15 20 20 17 1 2019 9 
29 29 25 32 29 30 22 28 34 1 1638 86 
26 28 29 26 20 19 22 26 29 1 1958 55 
25 21 29 28 27 23 24 24 28 1 1918 37 
10 8 8 11 11 8 9 8 7 1 1683 64 
11 10 10 8 10 9 10 8 11 1 1651 11 
14 13 16 13 15 16 15 15 14 1 1318 28 
26 20 24 26 29 29 22 29 25 1 1503 96 
27 30 31 29 31 30 28 25 27 1 2045 99 
22 24 23 17 26 18 26 17 24 1 1705 30 
33 32 36 39 31 32 30 28 30 1 1597 34 
16 14 18 12 17 14 19 14 15 1 1373 35 
4 4 4 3 4 4 3 3 3 1 1622 7 
5 5 3 5 5 4 4 3 5 1 1926 10 
39 47 31 30 41 38 47 42 41 1 1536 10 
17 15 19 17 14 15 18 20 13 1 1564 94 
39 38 38 36 32 47 44 36 45 1 1342 63 
23 18 21 19 23 22 21 20 22 1 2023 50 
12 14 14 11 10 13 14 9 11 1 1731 15 
22 20 24 20 23 22 25 18 20 1 1753 4 
5 5 5 5 5 3 3 5 5 1 1998 91 
19 14 15 14 19 22 16 14 21 1 1707 25 
34 34 36 35 28 29 25 35 31 1 1396 85 
27 31 28 29 20 26 31 23 26 1 1462 33 
0 0 0 0 0 0 0 0 0 1 1858 79 
18 18 21 14 16 17 19 21 13 1 1542 48 
14 16 16 15 15 12 15 15 15 1 1330 58 
18 20 17 20 17 18 14 19 18 1 1814 77 
30 23 30 32 29 30 34 31 31 1 1529 71 
31 36 24 24 35 30 30 33 23 1 1731 28 
1 0 0 0 0 0 0 0 0 1 1748 15 
38 44 43 44 36 41 46 28 44 1 1819 85 
36 39 35 33 39 33 37 27 28 1 1655 6 
18 14 13 20 20 21 14 20 19 1 1995 59 
6 6 6 6 4 5 5 5 6 1 1557 86 
2 1 1 1 1 1 1 1 1 1 1813 90 
10 8 11 11 7 11 11 7 11 1 1873 77 
14 11 15 14 12 14 15 12 14 1 1818 34 
30 33 23 35 25 23 22 24 30 1 1339 23 
11 10 9 11 10 12 8 10 10 1 1560 42 
34 30 33 40 35 34 34 41 26 1 1890 53 
37 27 38 29 30 30 36 34 27 1 1583 18 
18 17 13 15 19 19 14 21 16 1 1906 38 
26 29 21 21 19 22 27 29 26 1 1304 30 
34 32 31 35 25 40 31 33 32 1 1848 40 
21 16 21 21 18 22 18 25 17 1 1322 33 
11 12 8 9 11 12 11 8 10 1 1303 37 
13 11 11 14 12 10 13 11 14 1 1731 47 
6 6 6 5 6 4 4 4 6 1 1528 41 
39 30 38 37 43 42 33 45 37 1 1620 72 
36 42 40 42 33 33 37 30 32 1 1952 54 
3 2 2 2 2 2 2 2 2 1 1832 47 
33 37 31 30 37 25 32 29 24 1 1660 95 
34 29 38 39 38 25 26 41 31 1 1735 7 
34 40 38 26 26 36 26 38 30 1 1732 73 
1 0 0 0 0 0 0 0 0 1 1510 59 
34 29 35 39 33 39 38 25 26 1 1755 27 
39 33 47 47 38 30 30 39 46 1 1575 21 
25 29 19 26 23 26 22 29 28 1 1663 40 
31 24 36 25 28 30 26 34 25 1 1780 33 
37 28 38 37 37 34 40 43 36 1 1840 31 
36 32 40 29 42 29 27 32 33 1 1811 65 
35 32 36 38 33 40 28 35 30 1 2035 54 
36 43 42 27 42 39 41 41 32 1 1841 44 
21 25 19 22 18 22 22 24 24 0  
34 29 28 38 36 30 25 38 38 1 1556 63 
20 21 15 22 18 24 23 19 20 1 1584 96 
26 23 21 28 31 27 21 26 26 1 1682 32 
39 46 44 46 30 34 47 38 32 1 1439 12 
36 40 32 29 27 41 30 32 43 1 1527 34 
7 5 6 6 7 5 7 5 5 1 1565 51 
24 18 21 19 25 25 21 19 22 1 1981 89 
32 34 38 24 32 39 27 34 32 1 1465 16 
1 0 0 0 0 0 0 0 0 1 1918 50 
27 31 22 22 30 25 26 29 27 1 1559 29 
7 7 5 6 6 5 5 6 6 1 1617 2 
1 0 0 0 0 0 0 0 0 1 1523 50 
8 9 6 8 6 6 9 7 7 1 1652 44 
32 34 32 35 31 27 24 35 26 1 1927 71 
18 15 14 18 16 16 17 14 15 1 1917 56 
7 5 6 6 5 5 5 5 6 1 1785 68 
0 0 0 0 0 0 0 0 0 1 1609 23 
12 14 10 11 13 14 10 11 12 0  
31 24 29 34 34 23 36 23 29 1 1529 87 
34 31 36 26 33 29 30 26 33 1 1662 25 
37 44 31 42 28 43 34 33 35 1 1651 57 
4 3 3 3 3 4 3 4 4 1 1999 46 
2 1 1 1 1 1 1 1 1 1 1970 11 
23 24 17 24 19 24 27 26 26 1 1851 55 
4 3 3 4 4 4 4 3 3 1 1744 31 
8 6 8 8 6 8 6 9 9 1 1553 14 
11 11 8 9 11 8 9 11 10 1 1479 67 
29 30 29 30 31 28 35 34 30 1 1629 28 
38 37 34 40 36 38 38 45 36 1 2009 11 
13 10 10 11 11 12 12 12 13 1 1996 27 
38 30 29 38 40 28 30 29 32 1 1919 42 
2 1 1 1 1 1 1 1 1 0  
21 18 18 24 20 25 16 15 19 0  
4 4 4 4 4 4 3 4 4 0  
39 40 42 41 43 42 42 46 36 1 1738 35 
1 0 0 0 0 0 0 0 0 1 1517 52 
25 29 26 27 30 24 28 25 20 1 1901 66 
14 12 16 14 14 15 15 12 11 0  
9 6 9 10 9 6 9 7 8 0  
32 24 38 32 24 35 34 30 39 1 1401 64 
11 9 9 11 12 10 12 11 10 1 2020 42 
10 7 10 11 11 8 7 7 10 1 1629 10 
32 25 37 37 39 38 31 24 34 1 1988 80 
6 5 4 5 6 5 5 4 6 1 1864 80 
27 25 30 20 30 29 30 30 21 1 1998 67 
39 46 29 40 33 42 34 47 45 1 1697 41 
26 20 22 24 29 31 23 19 21 1 1736 37 
6 4 6 5 5 6 6 5 4 0  
6 5 4 6 5 4 4 6 5 1 1749 90 
24 29 27 26 22 26 19 19 25 1 1739 9 
36 38 29 40 43 36 44 41 39 0  
24 19 23 24 27 29 25 23 27 1 1921 58 
4 3 3 3 3 4 4 3 4 1 1802 58 
1 0 0 0 0 0 0 0 0 1 1509 61 
24 20 27 26 21 23 20 25 20 1 1718 65 
29 21 34 23 27 30 32 25 28 1 1821 34 
18 21 18 20 17 14 21 14 16 1 1957 0 
2 1 1 1 1 1 1 1 1 1 1902 55 
34 32 31 25 27 35 30 40 27 1 1473 29 
28 22 24 28 27 29 23 23 29 1 1634 88 
36 36 35 32 31 34 37 37 36 1 1990 14 
35 27 30 36 34 34 28 33 27 1 1823 69 
34 33 27 35 25 34 40 26 34 1 1663 63 
27 24 25 22 24 20 24 24 21 1 1787 1 
29 26 21 34 32 32 32 23 32 1 1530 55 
5 5 5 5 3 3 5 4 3 1 1860 23 
19 16 21 22 18 22 20 20 14 1 1728 87 
3 2 2 2 2 2 2 2 2 1 1549 77 
33 39 30 33 34 36 39 27 36 1 1674 95 
17 19 16 17 16 18 20 16 19 1 1944 30 
21 16 16 16 19 22 15 16 25 1 1599 10 
26 19 30 23 19 23 23 19 20 1 1652 7 
2 1 1 1 1 1 1 1 1 1 1619 91 
38 40 46 34 39 46 36 36 38 1 1504 40 
22 16 21 21 19 25 21 17 16 1 1771 5 
26 27 28 30 19 29 23 29 24 1 1693 34 
12 13 10 11 14 10 11 13 13 1 1505 27 
35 27 38 26 41 27 41 31 30 1 1666 53 
36 43 35 42 31 29 34 42 30 1 1559 37 
4 3 3 3 3 4 3 3 4 1 1456 22 
22 16 24 24 23 22 18 25 26 1 1823 5 
4 4 4 3 3 4 4 4 4 1 1400 66 
22 26 17 20 22 21 21 24 21 1 1938 23 
14 12 10 12 11 13 11 15 13 1 1444 73 
17 17 19 18 16 18 13 14 15 1 1565 86 
14 15 10 10 15 13 12 16 13 1 2045 43 
37 44 44 34 29 44 31 32 38 1 1425 40 
19 15 20 21 20 16 14 20 15 1 1928 77 
20 17 15 15 19 24 22 19 20 1 2040 81 
10 8 9 9 10 11 9 9 7 1 1555 26 
23 19 20 27 27 20 19 18 24 1 1980 14 
22 25 22 21 17 16 16 18 26 1 1995 40 
19 17 18 21 16 19 17 22 20 1 1948 82 
21 24 20 18 24 21 24 18 25 1 1991 20 
35 26 33 38 26 31 39 37 42 1 1891 88 
16 19 15 19 16 19 16 12 12 0  
16 18 15 12 12 17 13 16 18 1 1815 67 
4 3 4 3 4 4 4 4 4 1 1545 71 
17 12 16 19 20 13 20 20 13 1 1825 11 
21 20 18 17 22 19 16 25 21 1 1686 22 
20 15 20 21 17 20 22 15 22 1 1508 88 
22 19 21 23 23 21 26 17 21 1 1845 55 
13 12 13 9 11 12 11 15 13 0  
29 21 34 31 33 33 23 35 32 1 1944 5 
2 1 1 1 1 1 1 1 1 1 1696 69 
10 11 11 9 8 8 10 8 11 1 1798 78 
21 16 15 15 22 23 21 15 16 0  
6 4 6 6 5 4 5 6 6 1 1706 88 
19 16 15 15 20 22 22 16 21 1 1957 74 
38 39 41 41 44 30 30 34 44 1 1745 34 
16 18 14 16 15 18 18 12 12 1 1870 15 
22 19 22 21 25 20 22 16 16 1 1493 45 
5 3 3 4 3 5 3 3 4 1 1878 13 
29 33 25 22 32 33 25 26 35 1 1713 94 
5 5 4 4 4 5 4 3 4 1 1857 68 
31 27 33 37 23 27 32 23 27 1 1749 82 
12 10 12 9 9 13 13 12 9 1 1832 94 
19 19 20 17 15 17 16 22 14 0  
10 9 7 8 7 8 11 8 9 1 1983 49 
15 13 15 15 12 14 13 12 12 0  
7 6 5 7 6 7 7 5 7 0  
39 42 29 37 39 41 31 42 32 1 1639 43 
23 18 23 20 19 26 18 21 21 1 1815 39 
23 21 23 26 27 26 25 20 22 1 1629 92 
34 40 36 37 33 26 38 40 33 1 1919 85 
38 36 29 38 28 32 41 37 28 1 1874 5 
6 4 6 5 4 6 6 6 4 1 2016 63 
21 15 17 22 16 25 22 22 15 1 1600 37 
2 1 1 1 1 1 1 1 1 1 1828 52 
5 3 5 3 4 3 4 5 4 1 1831 54 
9 7 10 7 9 8 7 7 6 1 1975 30 
7 5 7 6 7 6 6 7 5 1 1562 94 
18 17 14 20 15 14 16 13 15 0  
15 14 14 11 17 17 13 15 13 1 1723 58 
24 27 23 27 28 28 20 25 22 1 1477 14 
39 31 31 39 38 34 39 44 31 1 1807 52 
31 28 33 23 25 35 27 26 27 1 1622 72 
33 35 30 25 34 39 26 36 35 1 1752 19 
12 11 12 12 12 10 10 14 12 1 2047 86 
6 6 4 5 5 6 6 4 4 1 1859 67 
32 28 28 31 35 39 27 35 37 1 1777 98 
31 27 33 25 36 28 32 32 31 1 1814 51 
0 0 0 0 0 0 0 0 0 1 1880 82 
21 24 16 21 19 19 20 21 23 1 1972 41 
33 37 40 24 32 30 32 39 31 1 1666 29 
0 0 0 0 0 0 0 0 0 1 1862 6 
17 14 15 12 15 16 20 13 19 1 1646 25 
29 30 33 22 33 30 31 25 28 1 2038 29 
15 17 12 16 12 13 17 12 12 1 1548 82 
4 4 4 3 3 4 3 4 3 1 1641 97 
4 4 3 3 3 3 3 3 4 1 2016 39 
36 35 39 43 36 31 32 27 28 1 1782 52 
34 33 34 28 36 35 25 29 32 1 1636 68 
1 0 0 0 0 0 0 0 0 1 1468 65 
13 14 15 11 10 13 13 9 13 1 1755 85 
20 24 20 21 21 17 23 19 19 1 1893 52 
39 34 32 36 30 35 42 29 34 1 1984 57 
29 31 35 23 28 34 25 22 25 1 1616 72 
35 31 42 27 28 36 37 39 36 1 1688 25 
3 2 2 2 2 2 2 2 2 1 1859 62 
3 2 2 2 2 2 2 2 2 1 1655 77 
39 39 33 40 42 38 34 32 37 1 1764 59 
3 2 2 2 2 2 2 2 2 1 1765 15 
13 15 14 11 13 14 10 15 10 1 1822 11 
28 34 24 31 30 28 26 26 25 1 1975 41 
9 7 10 10 6 6 8 9 8 1 1654 98 
4 4 4 3 4 3 3 4 4 0  
30 26 34 34 31 24 26 23 34 1 1669 9 
5 3 3 4 3 5 4 5 4 1 1750 75 
6 4 4 6 4 6 4 4 4 0  
0 0 0 0 0 0 0 0 0 1 1692 56 
18 15 13 15 20 16 18 19 15 1 1994 13 
7 7 6 7 6 5 5 6 7 0  
3 2 2 2 2 2 2 2 2 1 1963 87 
22 26 22 20 26 18 23 16 18 1 1719 24 
16 18 15 19 19 18 19 12 18 0  
38 34 29 30 38 45 45 33 36 0  
1 0 0 0 0 0 0 0 0 1 1867 15 
29 21 23 26 31 32 26 32 23 1 1679 36 
33 39 25 28 35 36 30 33 28 1 1741 90 
21 18 16 23 16 25 17 17 17 1 1700 62 
17 16 19 12 15 16 19 16 16 1 1989 80 
6 4 4 6 6 5 5 6 4 1 1833 57 
38 31 34 34 40 36 34 44 40 1 1699 67 
1 0 0 0 0 0 0 0 0 1 1640 92 
12 14 12 13 10 10 13 13 10 1 1867 91 
13 14 13 15 11 12 12 10 10 1 2036 97 
16 16 19 12 18 13 15 18 16 1 1751 58 
1 0 0 0 0 0 0 0 0 1 1985 97 
3 2 2 2 2 2 2 2 2 1 1706 29 
39 42 31 37 41 29 45 30 34 1 1595 52 
1 0 0 0 0 0 0 0 0 1 1970 12 
38 36 43 33 36 41 44 35 42 1 1652 85 
8 6 7 9 6 6 6 7 6 1 1767 46 
3 2 2 2 2 2 2 2 2 1 1677 7 
32 28 37 38 33 38 39 26 25 1 1602 31 
28 27 23 24 32 30 30 31 22 0  
27 20 28 21 20 27 30 22 32 1 1986 13 
33 33 27 36 37 36 31 27 38 1 1949 6 
24 19 21 26 23 18 23 27 29 1 1596 78 
35 42 33 32 32 38 40 40 42 1 1990 94 
26 22 21 24 23 20 31 22 22 1 2021 19 
24 29 20 26 28 21 26 26 20 1 2026 55 
8 6 7 7 6 7 7 9 6 1 2030 91 
3 2 2 2 2 2 2 2 2 1 1630 85 
25 29 23 24 22 22 21 20 21 1 1954 78 
29 25 24 33 24 27 26 21 21 1 1848 9 
31 29 30 30 29 29 24 24 37 0  
18 17 20 16 20 18 13 19 21 1 2008 44 
37 41 33 28 41 28 41 38 42 1 1882 74 
21 17 21 20 15 25 15 19 22 0  
38 46 38 43 37 46 32 28 29 1 1772 89 
39 39 37 46 33 36 44 34 40 1 1923 16 
1 0 0 0 0 0 0 0 0 1 1906 21 
21 15 16 19 24 18 18 22 17 1 1603 9 
26 22 30 26 29 30 23 21 19 0  
33 27 30 26 28 31 33 34 25 1 2002 45 
4 3 4 3 3 4 3 4 4 1 1780 77 
11 12 8 10 9 11 12 8 12 1 1677 50 
15 12 16 15 15 14 11 14 11 1 1872 68 
35 36 35 36 31 39 41 31 38 1 1947 35 
27 29 30 23 21 21 32 20 25 1 1909 12 
29 24 31 29 25 23 29 24 32 1 1983 30 
1 0 0 0 0 0 0 0 0 1 1614 93 
6 6 6 4 4 6 4 5 5 1 1681 58 
38 45 41 30 44 45 45 30 39 1 1684 88 
20 22 24 23 23 20 17 19 23 0  
39 38 43 41 30 35 35 36 40 1 1640 30 
0 0 0 0 0 0 0 0 0 1 1719 92 
29 32 35 27 28 22 30 29 23 1 1875 31 
28 30 26 30 23 26 25 24 21 1 1639 99 
11 10 10 8 10 8 8 10 12 1 1681 50 
8 7 8 8 6 6 9 8 6 1 1728 23 
5 4 3 5 5 5 3 4 4 1 1982 88 
37 32 27 27 32 36 32 32 44 1 1761 83 
35 26 34 33 29 29 30 41 40 1 1960 79 
32 28 28 25 36 39 38 38 27 1 1627 7 
37 32 28 35 43 42 33 45 34 1 1906 11 
35 28 41 40 35 40 29 27 32 1 1912 35 
16 13 16 15 16 14 17 13 16 1 1654 84 
23 18 20 18 17 17 17 26 17 1 1616 1 
21 20 20 20 22 18 25 22 22 1 1801 7 
37 31 34 42 33 28 42 32 39 1 1748 42 
4 3 3 3 3 3 4 3 3 1 1663 67 
21 20 20 21 22 22 19 25 19 1 1688 7 
1 0 0 0 0 0 0 0 0 1 1644 86 
1 0 0 0 0 0 0 0 0 1 1975 8 
37 27 28 41 34 39 29 34 31 1 1841 33 
26 20 27 27 28 27 19 22 19 1 1609 6 
16 13 13 18 16 18 15 15 13 1 1752 34 
39 35 43 42 47 33 34 32 42 1 2000 29 
24 20 23 22 21 24 20 22 18 1 1855 47 
15 13 15 12 15 16 14 13 15 1 1736 40 
17 19 13 17 16 16 19 17 14 1 1687 2 
28 32 24 23 23 24 30 32 32 1 1986 78 
7 6 6 5 7 6 6 7 5 1 2033 29 
37 36 38 44 35 45 45 40 30 1 1595 35 
23 23 21 17 26 18 27 25 23 1 2030 81 
2 1 1 1 1 1 1 1 1 1 1917 4 
5 5 5 3 4 4 5 3 4 1 1660 1 
5 4 4 3 4 5 3 4 4 1 1660 18 
30 32 24 24 32 25 34 23 36 1 1780 95 
31 35 28 26 23 29 32 37 23 1 1604 20 
29 32 31 27 25 33 32 23 32 0  
8 6 8 7 9 7 9 8 8 1 1991 47 
10 11 9 10 8 9 9 10 9 1 1737 69 
30 26 36 28 31 36 35 25 25 1 1685 81 
34 34 40 33 35 40 38 32 39 1 1964 10 
3 2 2 2 2 2 2 2 2 1 1757 91 
26 23 27 25 26 22 29 28 22 1 1612 45 
33 37 24 25 36 24 24 30 30 1 1804 38 
36 27 36 35 29 41 41 34 36 1 1731 53 
9 7 9 8 8 10 8 6 7 1 2030 52 
35 42 33 31 34 32 33 29 37 1 1784 14 
32 36 30 35 35 32 26 29 28 1 1917 86 
14 11 16 10 14 13 12 14 16 1 1617 95 
30 35 35 26 29 25 33 22 33 1 1886 71 
25 25 18 23 24 23 26 27 19 1 1980 26 
19 20 19 22 17 15 22 18 21 1 1655 23 
5 3 5 5 5 3 4 4 3 1 1614 78 
36 30 39 43 29 38 41 32 41 1 1647 21 
23 26 19 24 26 26 25 27 17 1 1777 40 
12 11 9 9 13 9 13 12 10 1 1980 71 
23 19 23 19 18 26 20 26 17 1 1959 59 
30 31 28 34 32 36 29 22 30 1 1947 51 
4 4 4 4 3 3 3 4 3 1 1680 99 
35 34 38 41 29 27 36 29 30 1 1885 15 
30 23 34 28 23 28 24 27 33 1 1955 0 
17 16 13 17 15 20 13 14 12 1 1703 21 
30 31 23 28 28 22 35 25 26 1 1816 40 
38 28 34 43 29 37 34 35 36 1 1958 15 
9 8 10 6 10 9 8 9 8 1 2034 15 
34 34 28 34 41 36 30 35 26 1 1796 1 
29 28 25 34 30 32 21 26 27 1 1824 39 
11 9 12 10 9 8 12 10 12 1 2018 59 
32 32 37 33 28 32 27 29 31 1 1947 63 
30 25 28 25 31 29 32 25 22 0  
8 9 8 8 9 8 7 9 8 0  
35 39 41 37 27 34 35 32 34 1 2004 0 
11 11 12 10 10 9 10 9 10 1 1684 65 
11 8 9 9 8 8 10 8 10 1 2005 62 
7 5 6 7 7 6 7 5 5 1 1752 7 
33 35 25 40 29 32 37 40 33 1 1781 91 
39 43 39 45 43 44 29 38 47 0  
23 24 21 26 27 17 18 23 23 1 1989 18 
2 1 1 1 1 1 1 1 1 1 1890 81 
14 12 12 13 11 16 16 10 15 1 1799 33 
20 16 15 21 17 18 24 21 18 0  
24 28 29 23 18 19 28 22 27 1 1703 11 
13 10 9 10 14 13 12 9 13 0  
17 13 19 12 16 15 19 13 13 0  
11 10 11 12 12 11 12 9 8 1 1808 38 
3 2 2 2 2 2 2 2 2 1 2022 34 
36 34 27 32 43 40 31 28 29 1 1944 4 
8 6 8 6 7 7 8 9 6 1 1830 62 
21 18 20 21 17 22 22 16 25 1 1899 92 
17 15 20 15 12 17 14 12 13 1 1831 25 
8 7 7 6 6 9 6 7 9 1 1800 92 
38 45 44 28 40 44 46 33 46 1 1833 33 
4 4 4 4 4 4 4 4 4 1 1950 41 
15 12 14 11 14 13 16 15 11 1 1851 44 
39 38 35 47 36 38 47 44 33 1 1985 81 
16 12 12 16 17 17 13 12 19 1 1846 32 
13 14 12 14 10 12 13 11 12 1 1787 12 
28 24 26 25 27 27 22 21 21 1 1903 16 
24 22 25 29 20 21 25 27 28 1 1727 96 
1 0 0 0 0 0 0 0 0 0  
19 14 15 18 18 14 20 16 22 1 1701 53 
23 27 26 22 27 23 25 21 23 0  
39 42 40 41 34 46 36 46 36 1 1987 16 
24 25 29 20 26 28 22 21 20 1 1764 57 
21 18 23 22 18 17 22 16 17 1 1754 71 
30 22 35 27 22 26 29 22 35 1 1907 28 
8 9 7 8 6 9 8 7 7 1 1918 18 
34 25 31 37 26 25 30 33 27 1 1864 77 
29 23 24 26 24 33 34 31 29 1 1939 9 
29 23 33 25 29 27 28 32 22 1 1927 96 
12 12 13 9 10 10 10 12 11 1 1820 62 
0 0 0 0 0 0 0 0 0 1 1771 34 
27 20 24 25 30 20 21 27 31 1 1872 94 
29 30 21 23 21 29 25 32 34 0  
14 12 13 13 13 10 11 12 11 1 1707 76 
6 6 5 6 5 5 6 5 6 1 1965 24 
3 2 2 2 2 2 2 2 2 1 1966 9 
12 14 10 12 11 13 9 10 9 1 1941 98 
26 30 30 28 31 20 23 25 21 1 1892 16 
6 5 6 6 5 5 4 6 4 1 1766 77 
38 44 43 43 29 44 44 33 42 1 1877 14 
21 16 16 21 21 19 20 21 19 1 1780 87 
29 35 31 22 29 30 34 22 29 1 2004 68 
15 15 11 13 13 12 14 15 15 1 1887 59 
21 17 18 20 24 21 18 25 23 1 1908 90 
9 8 7 10 7 10 10 6 9 1 1755 30 
30 32 34 29 31 24 26 24 32 1 1948 16 
36 37 43 38 35 37 29 33 35 1 1953 0 
11 10 11 11 10 10 10 8 9 1 2025 35 
30 25 35 31 24 25 28 22 31 1 1786 4 
20 15 23 20 24 16 19 20 18 1 1879 40 
10 8 11 10 9 7 8 10 8 1 2030 26 
38 45 30 40 46 33 38 33 35 1 2019 70 
1 0 0 0 0 0 0 0 0 1 2002 73 
35 39 38 31 28 40 38 33 40 1 1923 63 
37 30 32 37 35 45 36 41 39 1 1989 18 
24 23 22 27 21 20 23 22 22 1 1727 96 
29 27 27 29 25 35 30 26 30 1 1980 65 
36 30 33 30 33 27 29 35 31 1 1693 11 
21 25 17 16 25 15 24 16 21 1 1692 66 
35 27 41 41 30 31 35 29 38 1 2019 47 
2 1 1 1 1 1 1 1 1 1 2006 45 
18 18 14 19 16 14 19 18 14 1 1843 29 
32 24 30 35 27 27 33 37 29 1 1991 17 
5 3 3 5 4 4 3 4 3 1 2002 44 
8 8 6 8 7 6 7 7 9 1 1762 67 
11 8 12 12 9 12 12 12 10 1 1799 20 
14 10 14 12 13 16 10 15 15 1 1877 39 
0 0 0 0 0 0 0 0 0 1 1707 53 
33 30 25 39 25 26 35 32 34 1 1963 41 
13 12 14 12 15 14 9 14 15 1 2043 73 
0 0 0 0 0 0 0 0 0 1 1981 39 
2 1 1 1 1 1 1 1 1 1 1938 9 
17 13 15 15 20 14 12 13 14 1 1808 59 
3 2 2 2 2 2 2 2 2 1 1862 86 
37 35 33 32 44 43 44 33 31 1 1916 79 
34 41 38 26 35 32 40 38 27 1 1834 23 
24 25 21 24 21 19 29 21 24 1 1769 97 
2 1 1 1 1 1 1 1 1 1 1946 45 
11 11 9 11 11 11 10 12 9 1 1832 25 
39 38 42 29 29 45 43 36 42 1 1961 11 
12 12 11 13 11 9 12 10 14 1 1923 15 
22 17 17 16 20 18 26 26 16 0  
38 41 28 43 38 31 30 40 30 1 1885 35 
8 6 9 7 7 7 6 7 8 1 2035 42 
1 0 0 0 0 0 0 0 0 1 1997 69 
1 0 0 0 0 0 0 0 0 0  
26 23 19 31 28 30 27 21 21 1 1815 77 
33 25 37 39 30 39 26 33 25 1 2005 60 
17 20 12 13 12 17 19 13 18 1 1909 1 
21 15 21 15 18 18 20 16 23 0  
14 10 11 14 16 15 16 11 14 1 1993 29 
16 12 16 12 18 16 17 18 19 1 1930 25 
5 5 4 5 5 4 5 3 4 1 1807 77 
10 8 7 8 7 11 9 11 7 1 1827 36 
35 35 38 35 35 30 38 39 33 0  
2 1 1 1 1 1 1 1 1 0  
37 31 45 28 40 34 30 32 34 1 2017 19 
9 6 6 8 7 10 6 8 10 1 1955 97 
13 10 14 11 12 15 10 13 14 1 1930 21 
38 46 34 33 30 38 30 40 29 1 2045 86 
15 11 13 12 11 12 17 16 14 1 1868 78 
35 37 30 27 38 37 38 26 29 1 1999 63 
17 18 18 15 13 12 14 13 19 1 1910 32 
17 18 17 12 19 14 19 13 20 1 1997 38 
19 16 21 18 17 22 22 19 17 1 1870 97 
8 6 9 8 7 7 8 8 9 1 1942 97 
21 23 20 15 17 21 17 20 21 1 1832 31 
37 40 43 30 37 40 38 40 33 1 1930 79 
37 36 40 34 32 30 30 27 38 0  
2 1 1 1 1 1 1 1 1 0  
0 0 0 0 0 0 0 0 0 1 1817 20 
26 23 19 24 22 31 19 21 28 1 1914 36 
24 28 19 24 22 27 21 28 27 1 1803 51 
22 20 19 20 22 17 21 20 24 1 2015 89 
23 27 19 23 23 17 20 19 22 1 1762 62 
19 18 18 14 14 16 16 16 18 0  
20 15 24 17 16 20 18 23 17 1 1873 29 
23 22 17 20 25 26 24 24 24 1 1957 49 
3 2 2 2 2 2 2 2 2 1 1922 33 
6 5 4 6 4 4 6 5 6 1 1895 12 
24 23 25 29 18 26 19 25 21 0  
21 25 18 18 22 15 21 19 16 1 1913 35 
23 19 19 24 20 19 23 24 27 1 1761 17 
12 13 12 11 10 10 10 12 10 1 1853 95 
38 30 37 42 41 30 36 32 39 1 1860 75 
24 25 29 27 24 25 21 25 23 1 2041 25 
37 34 32 37 31 29 32 42 45 1 1930 97 
6 4 5 4 6 6 6 4 4 1 1912 32 
7 6 6 6 5 5 7 6 7 1 2028 58 
35 27 40 38 38 27 42 33 42 1 1926 94 
37 37 43 45 40 27 30 42 33 1 1784 29 
14 11 11 16 10 11 13 12 11 1 1766 28 
28 21 26 28 32 34 31 22 25 1 1896 52 
12 10 11 14 10 13 9 14 12 1 1947 46 
23 19 25 19 17 20 22 27 20 1 2015 6 
16 13 12 19 19 19 15 16 14 1 1889 66 
4 4 4 4 4 3 4 3 4 1 1826 55 
21 21 22 19 25 16 18 20 22 1 1990 1 
29 22 35 21 24 22 30 35 24 1 1991 60 
33 36 26 25 39 36 37 27 24 1 1871 37 
20 22 15 20 24 20 21 24 17 1 1819 13 
28 29 21 33 21 29 33 34 29 1 1967 78 
35 40 37 37 41 35 29 33 38 1 1778 63 
14 15 15 15 10 15 16 10 10 1 1819 55 
20 22 16 16 18 18 20 21 18 1 1941 48 
27 28 22 25 30 29 22 28 23 1 1771 14 
32 37 30 30 28 29 36 24 34 1 1774 70 
22 16 16 21 24 25 23 22 23 1 2038 32 
27 23 31 29 24 22 27 22 21 1 1955 75 
15 16 16 12 12 12 11 16 13 1 1939 51 
22 26 25 17 26 17 23 22 25 1 2015 64 
13 13 9 11 14 15 12 11 15 1 1882 18 
6 6 4 4 6 6 6 4 6 1 1907 98 
6 5 5 5 4 6 5 5 4 1 1924 27 
14 16 14 13 11 13 10 14 10 1 1940 18 
34 40 36 34 33 28 33 33 32 1 1955 1 
12 14 13 11 12 12 14 10 11 0  
5 3 5 3 5 4 5 3 4 1 1975 79 
18 14 21 21 20 21 20 13 13 1 1920 3 
35 42 36 37 41 33 41 31 37 0  
11 10 11 9 10 9 11 9 12 0  
14 13 12 10 16 14 12 11 12 1 1894 35 
29 28 29 33 34 23 22 30 29 0  
2 1 1 1 1 1 1 1 1 1 1987 92 
5 4 4 3 5 3 5 5 5 1 1969 91 
25 20 24 30 22 19 27 29 30 0  
37 38 36 44 31 44 41 27 38 1 1886 18 
11 11 12 11 10 10 8 12 8 1 1889 77 
39 46 34 38 32 46 33 46 30 1 1912 43 
6 5 6 6 4 5 6 5 5 1 1932 42 
14 10 14 11 15 10 11 14 12 1 1879 47 
38 39 37 29 43 37 37 35 44 1 2044 49 
34 30 41 25 36 35 31 30 35 1 2047 53 
9 6 6 8 7 7 10 7 10 1 1992 10 
26 27 30 23 22 31 30 26 24 1 1991 87 
35 27 38 32 31 37 27 40 42 0  
25 21 21 22 23 20 18 21 23 1 1981 87 
8 7 9 9 8 7 6 8 9 1 2015 63 
31 31 23 29 32 37 37 32 27 1 1894 57 
11 12 8 12 12 9 8 9 8 0  
32 27 35 34 25 38 30 34 33 1 1979 2 
14 15 15 13 14 14 12 11 14 1 1978 47 
19 16 19 15 15 22 14 14 15 1 1954 68 
31 33 23 25 24 37 28 27 24 0  
12 12 12 13 9 12 13 12 10 1 2013 32 
23 23 24 17 26 26 26 20 23 1 2030 10 
7 5 5 6 7 5 7 7 5 1 1987 3 
21 20 21 21 21 18 21 16 16 0  
38 36 32 31 46 28 44 37 33 1 2011 40 
28 32 32 23 25 33 21 22 31 0  
3 2 2 2 2 2 2 2 2 1 1923 74 
39 46 45 32 38 33 38 37 41 1 1996 96 
2 1 1 1 1 1 1 1 1 1 1941 5 
34 38 37 30 26 25 32 34 32 1 1890 15 
22 21 16 22 16 25 25 17 20 1 1947 45 
5 3 3 3 3 5 3 5 4 1 2020 15 
38 31 35 44 43 36 39 39 33 1 2023 71 
32 34 32 28 32 38 32 39 39 1 1998 31 
9 10 10 6 6 8 6 8 10 1 1995 76 
35 37 33 40 30 42 29 32 41 1 1915 20 
29 24 22 34 25 26 23 31 28 1 1976 29 
20 17 22 21 16 21 23 20 19 1 1919 73 
23 26 20 27 21 21 21 19 24 0  
20 24 17 17 20 15 17 23 21 1 1912 71 
1 0 0 0 0 0 0 0 0 0  
23 18 19 19 21 17 26 27 18 0  
19 16 16 14 19 21 20 18 21 1 1970 66 
36 30 32 39 41 34 33 36 42 1 1887 17 
20 23 22 15 24 19 24 23 18 1 2039 83 
18 17 13 17 20 15 18 20 13 1 1963 83 
9 7 10 7 7 6 7 9 10 0  
4 3 4 3 4 4 3 3 3 1 1954 36 
14 13 10 11 10 13 11 14 15 1 1914 53 
7 6 6 6 6 7 6 7 5 1 1944 52 
2 1 1 1 1 1 1 1 1 1 1985 24 
36 40 44 36 28 31 35 31 29 1 1983 22 
35 35 42 30 31 36 33 30 42 1 1943 45 
37 36 39 33 37 32 42 39 45 1 2033 70 
30 25 34 34 23 34 30 26 33 1 2040 4 
21 19 23 24 18 17 23 19 20 0  
17 14 18 13 17 19 20 20 17 1 1940 36 
16 17 15 14 13 12 12 14 12 1 2005 26 
12 14 14 9 9 9 10 10 10 0  
10 11 10 10 10 10 8 7 10 0  
3 2 2 2 2 2 2 2 2 1 1986 72 
15 11 16 16 17 12 17 14 16 1 1901 46 
36 33 42 36 30 28 37 29 34 1 2038 16 
39 47 40 39 33 39 37 42 33 0  
27 29 26 26 24 22 26 31 30 1 1904 84 
20 18 21 17 22 18 24 24 21 1 1989 64 
37 45 31 27 41 27 45 38 44 1 2045 53 
32 39 28 32 25 26 31 32 31 1 2017 16 
39 31 46 41 35 29 37 32 34 1 2022 12 
36 27 44 42 27 42 36 27 30 0  
22 23 16 25 20 16 22 19 16 0  
11 12 8 11 10 12 11 12 12 1 1983 61 
31 25 24 23 34 34 25 25 34 0  
38 43 42 38 46 42 28 43 29 1 1914 83 
30 25 26 30 36 36 29 31 22 1 1931 59 
29 32 35 34 26 31 25 24 34 1 1996 13 
4 3 3 4 4 3 4 3 3 1 1955 66 
10 9 8 7 7 10 9 10 8 0  
1 0 0 0 0 0 0 0 0 1 1940 12 
20 18 17 19 15 20 19 16 21 1 2023 87 
19 16 18 17 20 15 18 18 19 1 2005 43 
39 43 43 43 29 39 44 40 46 1 1919 5 
25 28 24 25 25 21 26 24 28 0  
35 31 26 41 40 39 32 30 36 1 1899 14 
31 28 29 31 35 33 30 27 26 0  
25 21 21 23 25 26 21 24 21 1 2038 82 
10 11 8 10 11 10 9 9 9 1 1934 41 
0 0 0 0 0 0 0 0 0 1 1893 78 
2 1 1 1 1 1 1 1 1 0  
27 25 28 30 29 23 21 28 24 0  
17 13 14 14 18 19 20 19 20 1 1946 74 
13 11 10 15 14 15 9 13 9 1 1891 78 
8 7 8 6 8 6 8 8 6 1 1891 63 
12 13 11 10 9 13 12 12 9 1 1907 4 
17 12 16 16 14 15 14 13 19 1 2021 81 
25 25 30 21 20 29 29 22 21 1 1999 41 
27 31 25 26 20 21 28 24 25 1 1904 73 
19 14 17 18 17 16 15 15 15 1 1954 28 
9 8 9 10 7 6 6 8 6 1 2026 98 
39 34 33 43 46 37 32 33 34 1 2001 63 
21 16 22 16 25 19 18 16 19 1 1914 14 
16 19 17 16 16 16 18 12 12 1 1917 99 
5 3 5 5 5 5 4 4 3 1 2000 34 
17 13 18 13 20 16 18 15 20 1 1994 24 
25 27 27 25 22 21 29 19 26 1 2000 88 
30 28 25 33 33 28 24 30 28 1 2015 79 
5 5 3 3 4 4 3 3 5 1 1936 30 
36 32 43 30 43 36 34 41 43 1 1961 19 
7 5 5 5 7 6 7 7 5 0  
0 0 0 0 0 0 0 0 0 0  
17 16 14 16 13 12 15 16 18 1 1951 17 
7 6 6 5 7 5 6 6 5 1 2004 27 
14 10 16 10 12 16 10 10 15 1 1952 41 
32 26 39 30 26 30 29 39 30 0  
31 34 32 24 27 29 31 23 30 0  
3 2 2 2 2 2 2 2 2 1 1956 2 
30 31 25 33 35 23 23 30 34 1 1950 85 
0 0 0 0 0 0 0 0 0 0  
7 6 7 5 5 6 5 7 7 1 2032 24 
1 0 0 0 0 0 0 0 0 0  
10 10 10 9 7 8 7 10 11 0  
36 40 28 33 44 32 32 30 42 1 1969 20 
29 21 25 25 33 21 28 22 34 0  
12 9 11 14 13 12 14 10 9 0  
19 21 19 18 14 20 17 16 21 1 1984 84 
8 6 9 9 7 6 7 9 6 1 2001 75 
3 2 2 2 2 2 2 2 2 0  
18 15 14 15 21 21 17 14 17 1 2007 18 
20 21 19 17 18 24 20 20 22 1 1958 38 
5 4 5 3 5 3 3 3 4 1 2022 89 
1 0 0 0 0 0 0 0 0 0  
24 21 21 27 18 22 26 29 22 1 1995 97 
1 0 0 0 0 0 0 0 0 0  
2 1 1 1 1 1 1 1 1 0  
39 38 47 35 39 30 35 38 30 1 2028 3 
2 1 1 1 1 1 1 1 1 1 2006 91 
34 34 30 35 26 27 30 25 40 1 1938 43 
7 5 6 6 5 6 5 7 5 1 1994 39 
10 11 8 11 9 8 9 10 11 1 2014 24 
1 0 0 0 0 0 0 0 0 1 1969 72 
20 20 19 18 24 15 16 17 22 1 2047 77 
13 9 13 10 11 13 15 12 13 1 2004 75 
33 33 36 26 27 37 27 34 35 0  
2 1 1 1 1 1 1 1 1 0  
9 10 10 10 8 8 10 9 9 1 2003 94 
10 11 8 10 7 9 7 7 7 1 1959 81 
39 32 45 33 42 40 46 32 29 1 1983 45 
15 14 15 12 16 16 15 14 12 1 2010 34 
21 21 25 17 21 17 16 23 24 1 2029 58 
14 11 13 13 16 13 14 13 16 1 2039 25 
35 36 33 30 32 34 39 37 42 1 2027 77 
27 21 29 22 31 26 26 27 27 1 2022 32 
11 8 12 11 10 11 12 9 12 1 1940 68 
7 6 6 5 6 7 7 5 7 1 1972 67 
29 27 22 34 28 21 29 34 22 1 2022 91 
25 24 22 22 23 28 22 29 19 1 1970 69 
26 20 25 22 24 29 24 20 25 1 2041 78 
32 34 24 29 26 32 39 38 29 1 2026 77 
38 37 46 34 34 33 35 39 39 0  
16 18 12 16 16 13 18 18 17 0  
27 26 23 32 30 28 26 22 28 0  
27 25 22 26 30 26 21 21 30 0  
16 13 19 12 15 14 12 16 14 0  
1 0 0 0 0 0 0 0 0 0  
39 46 44 29 36 39 40 43 34 1 2047 72 
33 25 24 25 38 35 29 26 35 0  
5 4 4 4 3 5 4 5 5 0  
11 12 12 8 9 11 9 11 12 0  
33 40 36 26 28 35 24 33 33 0  
28 24 27 29 25 29 28 23 23 0  
9 7 8 8 10 9 7 10 8 0  
22 23 25 26 20 16 26 20 17 0  
29 23 29 21 27 34 29 22 21 0  
6 4 6 5 5 4 4 4 4 0  
21 20 16 22 17 21 24 25 24 0  
36 38 36 38 36 33 42 38 27 0  
2 1 1 1 1 1 1 1 1 0  
27 21 30 32 29 21 29 32 25 0  
3 2 2 2 2 2 2 2 2 0  
9 7 8 8 7 10 7 6 8 0  
9 6 8 7 6 10 7 7 6 0  
27 21 29 24 22 28 23 31 32 0  
36 35 28 29 44 37 40 29 36 0  
5 3 5 4 5 4 3 5 4 0  
9 9 8 9 8 6 8 6 10 0  
14 16 13 14 10 10 11 14 12 0  
12 11 14 12 11 14 13 9 12 0  
34 26 37 31 33 37 36 31 34 1 2042 11 
13 13 9 12 15 14 10 11 11 1 2043 84 
13 13 10 10 9 13 12 14 9 0  
16 18 15 17 17 15 15 19 18 0  
1 0 0 0 0 0 0 0 0 0  
9 10 9 9 10 9 10 8 9 0  
34 41 27 37 38 29 29 39 35 0  
14 12 14 10 12 10 15 14 11 0  
33 31 40 31 33 36 27 37 29 0  
37 34 44 34 34 33 28 28 32 0  
31 30 32 24 36 26 23 28 24 0  
2 1 1 1 1 1 1 1 1 0  
15 13 17 15 14 11 17 13 12 1 2047 48 
4 4 3 4 3 3 4 3 3 0  
27 22 22 23 28 23 27 23 31 0  
22 23 19 17 17 22 17 23 21 1 2043 49 
32 36 29 33 28 38 36 25 38 0  
5 4 5 3 4 4 3 5 4 0  
13 15 15 12 15 9 10 14 11 0  
37 40 33 34 38 43 40 41 45 0  
5 3 5 4 5 3 4 4 3 1 2047 96 
25 25 27 19 25 20 27 27 28 0  
32 39 36 36 30 31 31 38 31 0  
22 24 18 23 22 19 20 22 22 0  
38 29 41 44 37 28 40 31 38 0  
29 26 31 24 22 26 23 24 23 0  
28 30 24 31 23 32 26 32 34 0  
7 7 5 7 6 6 6 7 5 0  
39 45 45 47 38 47 39 31 43 0  
30 35 27 32 25 31 29 26 24 0  
10 7 11 9 9 7 10 9 10 0  
32 36 36 28 28 31 29 33 39 0  
24 25 20 24 18 28 28 26 23 0  
21 21 20 20 18 21 24 15 22 1 2045 14 
11 10 8 9 12 12 9 11 10 0  
38 31 29 29 41 31 34 44 41 1 2040 45 
19 17 22 16 20 20 14 18 22 0  
12 11 11 13 11 12 9 13 13 0  
7 6 6 5 5 6 6 7 5 0  
12 10 9 12 10 9 11 13 12 0  
35 29 40 34 35 26 28 30 36 0  
32 33 27 32 25 34 35 32 25 0  
28 26 26 33 33 23 27 21 34 0  
39 39 32 46 42 38 39 42 47 0  
10 9 9 9 11 10 11 7 9 0  
24 21 20 20 18 27 22 24 20 0  
27 29 32 29 29 29 30 26 24 0  
4 3 4 3 3 4 4 4 4 0  
21 18 15 25 25 23 24 24 23 1 2045 36 
5 5 3 4 4 5 5 3 3 1 2043 81 
4 4 3 3 4 3 3 3 4 0  
0 0 0 0 0 0 0 0 0 0  
35 28 39 42 40 27 34 33 37 0  
17 15 13 12 18 14 18 12 17 0  
7 6 7 7 7 5 7 6 5 1 2043 25 
8 9 6 6 7 8 6 8 9 0  
20 23 22 19 23 20 18 17 18 0  
31 27 33 30 26 25 32 34 33 0  
17 15 18 18 14 18 13 19 12 0  
11 10 11 12 8 10 10 11 12 0  
20 21 15 22 23 19 16 21 20 1 2045 0 
27 21 23 23 32 32 30 31 24 0  
14 16 15 13 11 11 11 10 12 1 2040 26 
2 1 1 1 1 1 1 1 1 1 2043 52 
26 27 27 20 21 24 21 23 25 1 2041 95 
39 41 31 42 35 41 30 38 36 0  
18 15 14 13 21 13 16 21 15 0  
33 40 24 32 30 34 39 27 36 0  
33 25 25 39 40 26 35 24 24 1 2044 25 
29 26 27 28 33 24 28 25 30 0  
3 2 2 2 2 2 2 2 2 1 2041 34 
20 17 19 16 23 19 16 16 17 0  
37 34 37 32 30 28 45 27 35 1 2044 22 
0 0 0 0 0 0 0 0 0 0  
1 0 0 0 0 0 0 0 0 1 2047 50 
12 10 12 13 10 9 9 13 13 1 2043 22 
37 30 36 27 38 40 36 33 30 1 2046 11 
33 29 29 39 24 26 34 29 24 1 2043 17 
11 8 8 11 9 11 10 10 8 1 2047 29 
14 13 14 14 15 12 15 14 11 0  
2 1 1 1 1 1 1 1 1 0  
24 22 29 18 22 24 20 23 24 0  
25 18 28 26 27 22 25 29 19 0  
34 31 39 29 25 30 37 38 39 0  
26 22 25 31 24 21 29 21 30 0  
10 10 10 9 11 7 8 11 9 0  
36 28 39 30 40 38 37 31 39 0  

taskCount: 2048 | processorsCount: 8 | shape: 2 | outDegree: 1 | comCompRatio: 10 | compCostRange: 0,5 | height: 25
