128 20
11 14 7 13 6 14 8 14 5 14 8 15 5 8 14 6 15 15 14 8 13 0  
34 36 35 50 47 25 34 20 47 41 33 33 26 22 29 20 24 23 38 50 20 1 56 85 
6 8 8 4 5 8 7 6 8 7 6 3 8 8 8 6 4 3 6 5 7 0  
39 55 50 28 23 45 38 57 22 50 42 27 52 34 33 53 55 48 37 45 44 1 34 39 
2 1 1 2 2 1 1 2 1 1 1 1 1 1 1 1 1 2 1 1 1 0  
24 14 17 16 26 18 29 22 14 20 23 34 22 34 14 31 21 17 35 26 19 0  
38 43 40 19 26 41 32 55 19 23 33 34 28 40 34 20 42 39 51 48 38 0  
36 22 52 39 36 22 41 19 43 40 34 18 30 25 27 45 51 25 47 28 49 0  
4 5 2 2 5 2 3 5 5 3 4 3 3 3 4 3 3 4 3 2 4 0  
22 17 12 19 13 16 27 15 22 21 21 16 12 15 19 15 31 31 23 27 31 0  
0 0 0 0 0 0 0 0 0 0 0 0 0 0 0 0 0 0 0 0 0 1 64 75 
13 6 16 8 14 16 7 12 15 7 17 11 14 9 12 18 12 12 16 15 7 0  
6 4 8 6 8 4 4 6 4 8 5 6 6 3 8 7 8 5 5 6 4 1 37 80 
8 7 8 8 10 10 8 11 6 5 6 8 6 10 7 4 11 11 11 7 7 0  
23 21 13 21 22 21 17 25 23 23 29 33 30 11 31 30 17 33 11 19 14 1 36 8 
35 51 39 32 26 39 42 51 23 29 20 18 45 51 42 39 36 36 45 45 29 0  
4 3 2 2 3 2 2 3 3 2 5 4 5 5 2 2 3 4 4 5 3 0  
16 12 14 20 21 18 18 20 12 13 22 15 23 21 12 11 13 19 9 11 14 0  
37 18 20 21 49 30 19 25 51 51 50 52 53 27 36 22 50 38 54 22 40 0  
21 13 24 17 22 21 25 13 15 19 10 25 29 18 13 19 17 10 10 29 19 1 42 63 
2 1 2 2 2 2 2 1 1 1 2 2 2 2 2 2 2 1 1 2 2 0  
30 20 31 20 44 37 36 39 28 35 43 37 35 19 34 43 21 25 36 32 15 0  
1 0 0 0 0 0 0 0 0 0 0 0 0 0 0 0 0 0 0 0 0 0  
22 13 13 30 23 28 27 30 31 20 11 17 31 13 15 15 21 28 12 21 19 0  
31 32 26 20 35 45 19 16 44 20 27 21 39 40 35 37 22 24 36 29 36 1 55 58 
15 9 11 17 13 16 20 19 11 12 18 11 15 21 8 8 10 14 9 7 15 0  
31 31 26 35 31 33 17 32 18 37 41 23 33 30 19 26 39 41 36 22 21 0  
1 0 0 0 0 0 0 0 0 0 0 0 0 0 0 0 0 0 0 0 0 1 62 39 
10 5 10 11 11 5 13 7 11 5 14 11 6 13 13 5 13 11 11 10 14 1 50 51 
27 37 20 20 38 30 39 28 19 22 16 19 31 22 25 13 32 29 27 18 17 0  
3 1 1 2 2 1 1 2 1 1 2 1 2 1 2 1 1 1 1 2 3 1 37 76 
2 2 1 2 2 2 2 1 2 2 2 1 1 1 2 1 1 1 1 2 1 1 40 11 
3 3 2 2 2 3 3 2 1 2 1 1 1 2 1 1 1 3 2 2 1 1 57 35 
20 23 12 10 25 23 15 14 16 23 14 11 20 10 26 18 22 26 14 11 22 0  
28 23 32 37 34 19 28 35 22 32 34 23 36 33 30 32 14 20 32 39 17 1 48 56 
3 1 3 1 2 1 3 2 2 1 3 3 3 2 1 3 3 2 2 3 2 0  
7 5 6 7 7 5 9 7 6 3 9 7 6 7 4 7 8 4 8 6 9 0  
25 23 15 13 20 19 28 33 33 16 22 14 12 34 33 25 12 24 22 25 25 1 62 39 
34 25 44 20 28 39 39 21 50 42 27 20 33 36 25 48 45 21 18 32 28 0  
10 13 11 5 13 5 8 7 11 11 7 7 5 10 12 12 11 7 13 6 12 0  
37 46 27 33 47 39 54 30 33 18 26 29 48 32 38 41 28 44 35 37 34 0  
25 17 18 16 31 29 31 32 29 19 27 14 29 33 20 15 34 31 13 25 26 0  
23 29 24 21 22 20 24 22 11 18 11 17 29 19 26 16 21 28 27 22 14 0  
12 10 15 11 6 16 17 13 15 14 16 10 15 16 15 17 17 16 15 13 15 0  
35 18 39 51 51 51 29 33 19 39 25 39 44 46 39 22 34 37 48 30 48 0  
27 31 38 38 20 17 33 25 17 30 13 18 27 28 38 24 15 19 23 37 34 0  
29 37 32 28 26 24 38 14 31 37 35 36 42 23 39 37 28 31 15 18 24 0  
0 0 0 0 0 0 0 0 0 0 0 0 0 0 0 0 0 0 0 0 0 0  
9 4 10 5 10 4 8 8 12 12 6 12 10 12 10 12 10 12 5 5 9 0  
8 7 9 8 5 11 11 8 7 8 6 8 8 9 7 5 8 8 5 11 5 0  
6 7 5 6 3 4 7 4 3 4 7 4 7 8 8 4 5 3 5 5 4 0  
23 13 30 20 14 14 11 24 19 13 25 13 30 15 12 27 26 32 25 25 19 0  
37 25 51 35 37 47 23 52 26 21 53 48 45 43 46 21 24 32 51 42 45 0  
21 18 22 18 27 26 23 27 30 24 25 13 23 14 28 12 25 16 16 17 20 0  
11 6 9 9 6 6 5 15 6 9 15 6 6 10 10 8 8 15 6 9 9 0  
21 13 11 26 15 24 30 25 23 25 21 27 23 10 24 21 18 25 29 12 29 0  
33 17 27 23 34 20 41 33 38 35 38 46 17 46 24 45 46 40 17 36 20 0  
23 20 11 22 14 25 21 31 15 12 30 17 12 21 19 22 26 23 21 31 33 0  
7 6 3 5 7 4 6 4 5 6 9 8 7 4 9 6 3 9 7 9 9 0  
27 36 19 17 39 24 22 14 22 17 33 37 14 31 21 26 38 32 15 37 34 0  
32 36 16 20 28 32 29 41 42 25 16 47 46 23 25 34 33 26 31 17 47 0  
36 39 25 46 23 22 33 36 23 20 51 37 50 43 44 25 52 35 35 35 51 0  
25 18 22 13 31 24 34 20 20 25 15 18 36 28 15 25 35 29 27 30 20 0  
16 9 11 19 16 20 21 20 12 21 17 12 8 22 14 11 11 23 16 11 19 0  
19 17 11 11 14 12 11 15 20 23 16 13 16 26 16 22 21 21 18 18 10 0  
37 48 34 32 32 49 22 32 54 32 35 42 43 19 47 41 23 37 54 25 46 0  
10 5 6 9 13 6 7 12 9 8 9 11 13 13 12 12 7 14 9 5 10 0  
25 34 13 34 17 28 20 35 12 25 19 17 17 13 36 26 29 31 15 29 25 0  
19 21 23 12 12 27 12 19 10 22 10 10 26 24 13 27 24 23 14 9 10 0  
20 15 10 10 11 13 28 10 22 25 15 23 19 18 21 27 13 12 24 10 16 0  
28 28 19 29 36 32 25 32 17 38 35 15 39 31 24 23 27 18 31 19 34 0  
19 9 27 17 12 16 13 27 13 21 17 11 26 23 11 18 16 25 23 17 22 0  
21 27 15 27 12 23 29 18 22 11 22 27 11 11 10 24 11 18 11 11 12 0  
26 17 24 16 14 16 22 37 32 34 24 18 28 19 18 20 24 31 38 25 26 0  
23 20 11 33 30 23 28 22 19 19 18 12 26 24 22 25 15 11 30 23 17 0  
16 10 20 15 9 22 16 23 18 14 17 14 8 10 18 22 11 16 23 16 14 0  
6 6 6 8 6 7 8 6 6 8 5 3 4 5 3 6 5 8 8 8 4 0  
28 36 19 23 24 21 39 28 22 20 34 22 25 37 24 26 25 23 40 18 24 0  
26 22 17 30 23 35 17 30 17 27 19 37 13 19 32 20 27 38 19 20 20 0  
4 5 3 2 4 2 4 4 3 3 5 2 5 3 3 2 3 4 4 3 5 0  
25 25 34 20 27 16 35 28 29 32 24 15 36 29 26 17 31 31 16 19 36 0  
31 19 17 34 28 29 24 22 41 35 30 38 25 25 30 24 23 39 45 17 29 0  
32 40 37 47 18 26 39 23 18 40 29 25 32 32 42 20 25 16 38 20 29 0  
2 2 2 1 1 2 1 2 1 1 2 2 1 2 2 1 1 1 2 2 1 0  
20 18 29 24 22 18 18 23 18 23 26 12 11 24 19 23 21 13 27 19 20 0  
20 18 22 13 23 13 20 17 12 20 18 25 26 18 24 22 29 24 26 19 24 0  
5 6 6 6 5 6 3 6 3 4 4 3 3 3 4 6 2 4 4 3 2 0  
21 27 15 30 24 29 22 17 15 27 22 22 23 30 21 16 27 21 23 28 23 0  
9 12 4 10 8 12 4 7 12 10 5 8 8 4 10 9 12 12 5 6 11 0  
7 5 7 8 9 5 8 7 4 9 3 9 3 8 7 8 8 5 4 7 6 0  
10 10 7 10 14 13 5 5 5 5 14 11 11 12 10 8 8 10 7 13 11 0  
23 22 28 20 30 23 19 11 32 18 28 24 11 22 20 20 20 26 29 26 31 0  
17 21 9 21 11 22 9 13 18 16 8 22 16 19 17 11 8 8 20 9 24 0  
7 4 8 4 4 4 3 4 5 5 6 8 8 7 9 9 8 5 3 9 8 0  
18 16 15 13 20 16 23 20 26 22 16 9 17 14 18 26 24 20 17 20 17 0  
0 0 0 0 0 0 0 0 0 0 0 0 0 0 0 0 0 0 0 0 0 0  
39 31 34 27 27 26 44 34 48 35 43 19 57 20 41 39 27 30 45 41 37 0  
6 5 6 7 7 8 3 8 5 6 8 4 8 7 5 5 4 3 7 3 8 0  
33 22 47 20 48 21 36 37 36 31 32 38 16 25 46 45 38 39 22 33 32 0  
37 33 36 34 19 28 34 51 38 43 18 25 35 19 25 21 24 54 37 52 24 0  
17 21 22 15 17 22 10 19 14 10 13 8 24 18 22 20 24 16 17 22 10 0  
3 3 2 3 2 1 2 1 1 2 1 2 3 2 2 3 2 2 2 2 2 0  
20 12 16 17 14 18 10 25 18 29 15 17 24 14 19 21 26 18 15 21 14 0  
29 30 16 33 26 39 34 27 34 17 42 26 35 42 27 37 41 38 37 35 25 0  
19 20 17 25 15 21 22 11 24 27 18 21 13 15 11 12 10 9 23 13 12 0  
27 32 29 39 16 27 29 21 14 37 30 28 37 39 33 25 15 19 18 31 34 0  
1 0 0 0 0 0 0 0 0 0 0 0 0 0 0 0 0 0 0 0 0 0  
10 7 11 12 12 14 7 13 5 7 8 10 7 7 7 7 10 14 14 8 5 0  
38 31 25 39 53 35 36 40 49 21 19 46 48 31 51 32 19 21 35 44 39 0  
34 43 26 19 24 40 34 36 28 31 28 28 26 17 17 21 49 47 47 37 29 0  
14 11 11 16 20 11 17 12 19 12 18 16 9 11 18 16 12 7 12 13 8 0  
4 4 3 4 4 4 4 4 2 3 2 3 4 4 5 2 4 2 5 2 3 0  
36 47 29 28 50 36 45 35 24 45 45 52 52 37 38 26 30 30 18 35 19 0  
3 3 3 2 1 1 2 3 1 1 1 3 1 3 3 2 2 1 2 1 1 0  
2 2 2 1 1 2 2 2 2 2 1 1 2 1 2 1 2 2 1 1 2 0  
1 0 0 0 0 0 0 0 0 0 0 0 0 0 0 0 0 0 0 0 0 0  
4 4 4 4 5 2 3 3 5 4 5 5 4 3 4 3 4 3 3 4 4 0  
23 27 33 16 25 28 30 15 22 11 23 28 28 17 16 22 21 13 24 22 12 0  
36 32 34 29 36 19 20 39 20 24 52 18 41 20 32 42 36 30 53 20 18 0  
39 38 36 26 21 53 46 21 54 50 43 25 46 25 32 25 46 19 49 50 45 0  
32 28 43 20 35 40 33 38 32 29 41 39 40 40 24 27 36 21 37 45 35 0  
28 18 31 34 27 22 32 26 15 27 29 19 24 14 36 26 39 35 22 16 39 0  
16 11 16 22 19 14 14 10 12 19 11 16 13 10 17 9 13 15 8 14 16 0  
12 10 9 10 8 17 13 12 12 15 6 12 14 10 15 10 15 10 7 13 14 0  
9 9 7 10 6 11 6 11 5 10 11 5 4 4 4 5 4 8 6 8 10 0  
4 3 4 3 2 3 4 3 2 4 2 2 5 2 4 4 3 2 5 3 3 0  
1 0 0 0 0 0 0 0 0 0 0 0 0 0 0 0 0 0 0 0 0 0  
14 17 20 14 13 13 12 7 11 16 17 8 13 17 11 13 13 20 10 12 18 0  

taskCount: 128 | processorsCount: 20 | shape: 2 | outDegree: 1 | comCompRatio: 1 | compCostRange: 1 | height: 3
