128 16
34 33 34 33 32 32 32 33 32 34 34 33 33 32 34 33 32 2 34 78 57 67 
7 6 6 6 6 6 6 6 6 6 6 6 6 6 6 6 6 2 87 30 19 41 
24 22 24 23 23 24 24 22 24 22 24 23 23 22 22 22 23 2 66 27 61 94 
16 15 15 15 15 15 15 15 15 15 15 15 15 15 15 15 15 2 79 95 105 99 
33 31 31 31 32 32 33 32 31 33 32 33 33 31 32 32 31 2 101 6 85 74 
3 2 2 2 2 2 2 2 2 2 2 2 2 2 2 2 2 2 63 68 82 41 
17 16 16 16 16 16 16 16 16 16 16 16 16 16 16 16 16 2 92 80 51 8 
29 28 29 28 29 27 28 28 27 29 27 28 28 29 27 28 29 2 126 63 26 19 
11 10 10 10 10 10 10 10 10 10 10 10 10 10 10 10 10 2 70 26 85 18 
14 13 13 13 13 13 13 13 13 13 13 13 13 13 13 13 13 2 121 95 41 6 
4 3 3 3 3 3 3 3 3 3 3 3 3 3 3 3 3 2 46 50 43 32 
17 16 16 16 16 16 16 16 16 16 16 16 16 16 16 16 16 2 35 4 114 20 
23 23 23 22 21 22 21 23 22 23 21 23 22 22 23 21 22 2 94 27 16 0 
35 34 33 34 35 35 35 34 33 34 34 35 33 35 34 33 35 2 59 81 68 28 
13 12 12 12 12 12 12 12 12 12 12 12 12 12 12 12 12 1 36 63 
15 14 14 14 14 14 14 14 14 14 14 14 14 14 14 14 14 2 98 84 48 21 
32 32 30 31 30 31 32 31 30 31 32 30 30 32 32 31 30 1 73 7 
3 2 2 2 2 2 2 2 2 2 2 2 2 2 2 2 2 1 65 61 
6 5 5 5 5 5 5 5 5 5 5 5 5 5 5 5 5 2 69 67 118 86 
11 10 10 10 10 10 10 10 10 10 10 10 10 10 10 10 10 2 78 59 69 20 
7 6 6 6 6 6 6 6 6 6 6 6 6 6 6 6 6 2 30 82 80 51 
34 33 32 34 34 32 32 34 33 34 32 34 34 34 34 32 34 2 123 39 125 87 
0 0 0 0 0 0 0 0 0 0 0 0 0 0 0 0 0 2 47 12 101 44 
27 27 25 25 25 27 26 26 27 27 26 26 25 26 26 27 27 2 106 10 62 70 
25 25 25 25 23 25 25 24 25 24 25 25 24 23 25 25 25 2 83 16 53 75 
26 25 26 24 25 26 24 26 26 25 26 24 26 24 26 25 25 1 109 43 
0 0 0 0 0 0 0 0 0 0 0 0 0 0 0 0 0 2 92 99 30 78 
37 35 37 36 37 36 36 36 37 35 35 35 37 37 37 37 36 2 79 88 114 95 
30 29 28 29 30 30 29 29 30 30 30 28 28 28 29 28 30 2 109 74 118 53 
39 37 38 38 37 39 39 39 39 39 38 37 37 39 37 38 38 2 77 10 49 87 
33 33 33 31 33 31 32 31 32 32 33 33 32 33 33 32 33 2 90 32 100 36 
15 14 14 14 14 14 14 14 14 14 14 14 14 14 14 14 14 2 73 74 47 23 
3 2 2 2 2 2 2 2 2 2 2 2 2 2 2 2 2 2 76 56 125 2 
35 33 33 33 34 35 34 33 34 33 34 33 35 34 33 34 34 2 46 99 48 82 
14 13 13 13 13 13 13 13 13 13 13 13 13 13 13 13 13 2 52 73 71 28 
20 20 20 20 20 19 20 19 19 20 20 20 19 19 19 19 19 1 61 15 
28 26 26 28 28 26 27 28 28 27 28 27 27 26 27 26 28 2 125 53 90 34 
0 0 0 0 0 0 0 0 0 0 0 0 0 0 0 0 0 2 123 8 50 17 
18 17 17 17 17 17 17 17 17 17 17 17 17 17 17 17 17 2 56 15 74 78 
38 37 36 38 36 38 36 38 36 38 38 37 37 37 37 36 37 2 48 16 92 82 
32 31 30 32 30 32 31 31 31 30 32 32 30 32 30 30 31 2 72 90 56 34 
37 36 37 36 36 35 36 36 37 37 36 35 35 37 36 36 35 2 72 58 89 80 
9 8 8 8 8 8 8 8 8 8 8 8 8 8 8 8 8 2 89 68 65 80 
2 1 1 1 1 1 1 1 1 1 1 1 1 1 1 1 1 2 85 90 109 48 
33 32 32 33 31 32 33 31 32 32 32 32 31 33 32 33 31 1 93 67 
10 9 9 9 9 9 9 9 9 9 9 9 9 9 9 9 9 2 75 73 115 68 
6 5 5 5 5 5 5 5 5 5 5 5 5 5 5 5 5 2 124 4 80 59 
31 29 31 30 30 30 29 30 30 31 31 31 31 31 31 31 31 2 68 55 53 54 
38 38 38 36 38 37 37 37 38 38 38 38 38 36 38 38 37 2 119 37 102 1 
36 35 35 36 34 36 35 35 35 35 35 34 34 35 36 35 35 2 88 85 86 35 
23 23 21 22 23 21 21 22 21 23 23 23 22 21 21 22 23 2 59 15 64 32 
31 31 30 31 30 30 31 29 29 31 30 29 31 30 29 29 30 2 113 4 55 84 
29 28 28 29 27 29 27 28 28 29 27 29 28 27 29 29 29 2 65 99 78 86 
19 18 18 18 18 18 18 18 18 18 18 18 18 18 18 18 18 1 81 83 
18 17 17 17 17 17 17 17 17 17 17 17 17 17 17 17 17 2 103 27 120 56 
0 0 0 0 0 0 0 0 0 0 0 0 0 0 0 0 0 2 62 83 105 38 
7 6 6 6 6 6 6 6 6 6 6 6 6 6 6 6 6 2 76 27 121 39 
36 35 36 35 36 35 35 36 36 36 34 34 35 36 34 36 35 2 81 37 106 36 
30 30 29 30 29 30 29 28 28 29 29 30 28 28 28 28 30 2 71 57 105 43 
6 5 5 5 5 5 5 5 5 5 5 5 5 5 5 5 5 2 77 59 75 28 
3 2 2 2 2 2 2 2 2 2 2 2 2 2 2 2 2 2 94 42 66 93 
20 19 20 19 19 20 19 19 20 19 20 20 19 20 19 20 20 2 68 81 84 62 
39 39 38 37 38 39 38 37 39 37 39 39 37 39 38 38 38 2 77 88 114 5 
12 11 11 11 11 11 11 11 11 11 11 11 11 11 11 11 11 2 88 42 86 79 
21 20 19 21 21 21 20 19 19 21 21 20 21 19 21 19 21 1 93 76 
29 29 28 27 28 28 29 28 27 28 29 28 28 29 28 28 28 1 95 8 
13 12 12 12 12 12 12 12 12 12 12 12 12 12 12 12 12 2 123 7 79 44 
27 25 27 25 26 25 26 27 26 26 26 27 26 25 26 25 26 2 101 69 89 11 
21 20 20 21 19 19 21 19 21 20 19 21 19 21 21 20 21 2 99 31 109 70 
33 31 33 33 32 33 32 31 32 31 33 31 31 32 32 32 33 2 111 16 98 78 
26 25 24 24 25 26 24 26 25 24 25 24 25 25 26 26 25 2 117 2 113 42 
31 31 30 29 29 30 30 29 30 29 30 29 29 29 29 31 31 2 103 1 96 4 
25 25 24 24 25 25 25 25 25 24 25 24 23 25 25 25 25 2 124 27 106 84 
7 6 6 6 6 6 6 6 6 6 6 6 6 6 6 6 6 1 116 9 
18 17 17 17 17 17 17 17 17 17 17 17 17 17 17 17 17 2 97 8 95 28 
9 8 8 8 8 8 8 8 8 8 8 8 8 8 8 8 8 1 117 41 
24 23 24 23 24 22 24 23 23 23 23 22 22 24 23 23 23 1 116 26 
37 36 37 36 35 37 35 35 36 35 35 35 37 37 35 35 36 1 97 49 
34 34 34 33 32 34 33 34 34 33 33 32 33 32 32 33 34 1 105 76 
15 14 14 14 14 14 14 14 14 14 14 14 14 14 14 14 14 2 94 39 114 11 
19 18 18 18 18 18 18 18 18 18 18 18 18 18 18 18 18 1 124 68 
9 8 8 8 8 8 8 8 8 8 8 8 8 8 8 8 8 2 119 88 117 27 
38 36 38 38 36 36 38 37 36 38 37 37 37 37 37 38 36 2 101 91 93 16 
34 32 33 34 32 34 34 32 33 32 34 33 33 32 33 32 33 2 92 75 113 28 
15 14 14 14 14 14 14 14 14 14 14 14 14 14 14 14 14 2 97 56 123 40 
1 0 0 0 0 0 0 0 0 0 0 0 0 0 0 0 0 2 97 73 100 95 
25 23 24 25 23 25 25 23 23 25 24 25 23 23 23 24 25 2 98 23 119 26 
24 24 23 22 23 24 22 24 22 24 23 23 23 24 22 23 23 2 110 17 127 49 
17 16 16 16 16 16 16 16 16 16 16 16 16 16 16 16 16 2 118 58 115 69 
13 12 12 12 12 12 12 12 12 12 12 12 12 12 12 12 12 0  
13 12 12 12 12 12 12 12 12 12 12 12 12 12 12 12 12 1 109 87 
31 29 30 29 30 30 29 30 31 31 29 31 30 30 30 29 29 2 105 58 114 40 
10 9 9 9 9 9 9 9 9 9 9 9 9 9 9 9 9 2 111 35 117 53 
11 10 10 10 10 10 10 10 10 10 10 10 10 10 10 10 10 2 124 10 112 7 
34 33 33 33 33 34 32 34 32 32 33 33 33 33 32 32 33 1 110 3 
12 11 11 11 11 11 11 11 11 11 11 11 11 11 11 11 11 1 127 91 
38 36 38 38 36 38 38 38 37 36 38 38 38 38 36 36 37 1 126 84 
37 36 35 35 36 37 36 35 37 37 37 36 36 36 35 37 35 2 123 43 122 61 
21 21 19 20 21 20 21 20 20 21 21 21 20 19 21 19 19 2 119 41 109 56 
3 2 2 2 2 2 2 2 2 2 2 2 2 2 2 2 2 2 123 67 109 32 
36 34 36 34 36 35 36 36 36 36 35 34 36 36 34 35 34 2 116 52 124 57 
18 17 17 17 17 17 17 17 17 17 17 17 17 17 17 17 17 1 123 40 
9 8 8 8 8 8 8 8 8 8 8 8 8 8 8 8 8 2 107 53 110 14 
5 4 4 4 4 4 4 4 4 4 4 4 4 4 4 4 4 2 107 77 124 66 
9 8 8 8 8 8 8 8 8 8 8 8 8 8 8 8 8 2 110 31 116 23 
32 32 31 31 30 30 32 32 31 30 31 31 30 31 30 31 31 0  
6 5 5 5 5 5 5 5 5 5 5 5 5 5 5 5 5 1 124 7 
22 21 20 20 20 20 21 20 20 21 20 21 21 22 20 21 21 0  
0 0 0 0 0 0 0 0 0 0 0 0 0 0 0 0 0 2 124 46 122 18 
8 7 7 7 7 7 7 7 7 7 7 7 7 7 7 7 7 1 125 72 
15 14 14 14 14 14 14 14 14 14 14 14 14 14 14 14 14 2 122 29 124 29 
9 8 8 8 8 8 8 8 8 8 8 8 8 8 8 8 8 2 127 31 122 81 
2 1 1 1 1 1 1 1 1 1 1 1 1 1 1 1 1 1 121 49 
14 13 13 13 13 13 13 13 13 13 13 13 13 13 13 13 13 1 123 37 
26 25 24 25 26 26 24 25 26 26 25 25 25 26 25 25 26 1 127 95 
34 32 32 32 33 34 33 32 32 33 32 32 32 32 34 32 33 2 126 26 124 52 
22 21 21 22 21 21 21 20 22 20 20 22 21 20 22 20 20 2 120 56 123 60 
5 4 4 4 4 4 4 4 4 4 4 4 4 4 4 4 4 1 121 11 
36 36 34 34 34 34 34 36 34 34 36 36 35 34 34 35 36 2 124 6 125 93 
20 20 20 19 20 19 20 19 20 20 20 19 20 19 20 19 19 2 125 92 121 18 
4 3 3 3 3 3 3 3 3 3 3 3 3 3 3 3 3 0  
29 28 27 27 27 27 27 29 28 28 29 27 29 28 27 29 28 0  
10 9 9 9 9 9 9 9 9 9 9 9 9 9 9 9 9 0  
7 6 6 6 6 6 6 6 6 6 6 6 6 6 6 6 6 0  
20 20 20 20 20 20 19 20 19 20 19 19 20 20 19 19 20 0  
35 33 34 34 33 34 35 35 33 34 34 35 33 35 35 34 35 0  
20 20 19 20 19 19 20 20 19 20 19 20 20 20 19 20 20 0  
13 12 12 12 12 12 12 12 12 12 12 12 12 12 12 12 12 0  

taskCount: 128 | processorsCount: 16 | shape: 1 | outDegree: 2 | comCompRatio: 1 | compCostRange: 0,1 | height: 17
