16 20
4 2 5 4 3 3 3 3 5 3 5 2 5 3 4 4 5 3 4 4 4 3 3 6 15 71 13 80 
30 24 26 16 21 28 39 29 38 42 26 19 22 29 20 22 30 35 34 16 41 2 7 23 10 48 
24 25 32 13 19 22 32 13 27 23 24 27 33 15 20 15 13 16 31 21 26 3 8 62 9 43 4 15 
6 8 6 5 7 5 3 7 5 6 3 7 5 8 7 8 5 7 8 3 7 3 6 68 13 72 12 75 
21 15 28 21 14 15 10 21 16 15 17 10 10 20 20 23 26 25 23 20 22 2 5 83 7 32 
22 18 17 26 23 25 13 32 20 32 22 29 27 27 21 25 16 25 12 15 15 2 15 63 11 22 
10 6 11 7 5 6 12 6 7 13 14 13 6 7 7 13 9 10 5 9 7 3 13 72 15 31 11 54 
5 4 4 6 6 4 3 3 3 6 2 2 4 2 2 5 2 4 6 6 5 2 10 3 14 94 
2 2 2 1 1 1 2 2 2 2 1 2 2 2 2 2 2 1 1 1 2 3 11 68 10 13 12 50 
16 16 12 13 11 15 22 17 22 12 17 15 10 15 15 13 10 23 18 19 20 3 10 1 15 20 13 8 
16 23 8 18 17 22 9 20 19 14 18 19 17 9 20 16 10 21 14 18 21 1 15 34 
1 0 0 0 0 0 0 0 0 0 0 0 0 0 0 0 0 0 0 0 0 2 15 81 13 8 
8 8 7 8 4 9 11 9 10 8 5 10 6 11 9 10 10 6 11 11 8 2 14 11 13 37 
9 9 6 4 8 8 10 4 6 4 10 5 5 7 5 5 6 4 5 9 5 1 15 83 
35 44 49 23 19 41 33 42 26 50 38 18 24 47 44 50 24 40 36 43 32 1 15 68 
22 27 23 22 25 11 25 17 16 18 22 22 19 23 31 18 14 25 28 14 27 0  

taskCount: 16 | processorsCount: 20 | shape: 0,5 | outDegree: 3 | comCompRatio: 1 | compCostRange: 1 | height: 7
