32 20
17 18 14 17 15 17 15 13 13 14 17 13 14 14 16 13 14 15 20 17 19 2 10 26 23 99 
5 5 5 3 4 4 5 3 5 4 3 3 5 5 3 3 3 5 5 3 4 2 12 7 19 9 
1 0 0 0 0 0 0 0 0 0 0 0 0 0 0 0 0 0 0 0 0 2 28 10 18 64 
28 31 28 31 29 26 22 34 33 21 32 32 32 27 28 21 31 24 23 27 33 2 24 10 21 18 
14 15 16 14 12 10 15 16 13 11 14 10 10 12 13 15 10 15 10 15 15 2 11 43 18 49 
18 17 20 16 21 19 18 17 15 16 16 18 17 14 17 19 20 14 16 16 21 2 15 0 27 1 
15 11 15 13 11 11 17 12 15 11 16 14 11 12 14 16 12 12 14 13 16 2 23 59 12 13 
17 15 16 15 16 19 15 19 14 15 14 16 14 20 19 17 17 15 17 12 13 2 17 26 30 72 
37 36 32 28 40 29 27 43 29 30 38 32 36 28 28 41 27 44 41 43 39 1 22 95 
15 11 13 17 17 16 17 16 15 13 17 14 13 15 17 14 11 17 16 15 14 1 27 31 
30 35 29 34 24 25 22 34 31 35 30 34 31 26 31 35 26 30 22 25 35 2 26 24 20 63 
33 26 39 27 38 32 39 33 27 38 31 38 25 37 39 31 24 37 34 34 37 1 30 74 
3 2 2 2 2 2 2 2 2 2 2 2 2 2 2 2 2 2 2 2 2 2 29 12 28 50 
20 16 20 15 24 22 20 20 18 18 24 23 24 18 15 16 18 17 15 19 20 2 29 90 22 97 
5 3 5 4 4 3 5 4 3 5 4 5 4 5 3 3 4 4 3 5 5 2 29 4 20 55 
39 34 34 29 45 30 29 36 36 39 32 47 45 41 30 43 33 46 47 45 32 2 18 43 19 92 
30 28 33 25 23 23 34 33 35 33 27 23 30 23 36 24 24 31 25 22 33 2 18 43 20 64 
34 34 40 25 32 36 35 41 30 28 25 25 31 38 26 32 33 35 37 34 38 0  
36 42 35 38 32 42 35 37 34 37 33 36 38 37 37 38 42 28 38 30 37 0  
38 29 41 28 34 35 32 34 30 39 29 38 28 30 38 46 41 43 45 41 42 0  
38 33 29 39 29 36 45 28 45 42 34 39 28 45 44 35 33 39 33 41 45 0  
12 12 12 9 9 11 13 13 12 11 10 12 11 14 10 10 9 9 10 11 12 0  
27 29 31 24 25 24 32 30 26 29 21 22 22 26 23 24 25 27 27 28 20 0  
12 10 10 9 13 10 11 11 9 9 10 9 11 13 14 12 11 11 9 11 12 0  
35 37 42 33 42 32 35 35 36 33 32 29 29 40 38 41 41 28 29 33 38 0  
9 9 7 9 7 6 6 8 8 7 8 10 10 9 9 10 9 8 6 6 10 0  
38 35 43 46 28 42 41 37 33 45 31 39 37 34 39 44 29 46 44 31 44 0  
9 8 10 8 6 10 9 7 7 9 8 9 6 6 6 10 9 10 10 7 6 0  
39 29 37 42 32 37 31 39 41 42 43 41 29 37 29 32 45 33 29 42 45 0  
15 16 15 11 11 17 14 12 16 11 13 13 17 16 14 11 17 11 12 16 12 0  
9 8 6 6 8 8 10 9 8 10 6 7 10 7 9 8 10 9 10 10 9 0  
12 13 13 11 10 11 14 9 14 14 10 12 9 9 10 14 9 12 11 10 13 0  

taskCount: 32 | processorsCount: 20 | shape: 2 | outDegree: 2 | comCompRatio: 0,1 | compCostRange: 0,5 | height: 3
