32 12
20 19 20 19 20 19 19 20 20 19 19 19 19 1 23 93 
19 18 18 18 18 18 18 18 18 18 18 18 18 2 28 33 23 49 
10 9 9 9 9 9 9 9 9 9 9 9 9 3 18 89 21 94 26 8 
2 1 1 1 1 1 1 1 1 1 1 1 1 2 24 70 26 20 
17 16 16 16 16 16 16 16 16 16 16 16 16 2 27 32 30 85 
9 8 8 8 8 8 8 8 8 8 8 8 8 3 15 75 19 73 16 50 
27 25 26 27 25 25 25 25 25 26 27 25 25 2 26 73 23 80 
13 12 12 12 12 12 12 12 12 12 12 12 12 2 30 81 16 63 
38 37 36 36 36 38 36 38 38 37 38 37 38 3 28 73 29 75 20 85 
33 32 32 33 31 32 32 32 31 31 31 32 31 1 18 64 
38 37 38 38 36 37 37 37 36 37 36 37 37 2 21 75 19 4 
25 23 23 24 25 23 23 24 24 25 24 25 24 2 28 29 24 6 
11 10 10 10 10 10 10 10 10 10 10 10 10 1 21 89 
31 30 30 31 29 30 30 29 29 31 29 31 31 2 21 89 29 79 
36 34 35 36 34 35 34 35 34 35 35 35 35 2 26 30 23 47 
26 26 26 26 24 26 24 24 24 25 26 25 26 1 30 32 
32 31 32 32 31 31 31 30 32 30 30 32 30 1 30 9 
20 20 20 19 20 20 20 20 19 19 19 20 19 0  
37 36 36 35 35 36 37 37 36 36 35 35 37 1 29 96 
7 6 6 6 6 6 6 6 6 6 6 6 6 1 31 28 
36 36 34 36 36 36 36 34 36 35 35 35 36 0  
24 24 24 23 23 24 23 23 24 23 24 22 22 0  
25 24 23 23 23 25 25 25 23 23 24 25 25 0  
28 26 26 27 27 26 28 26 27 27 28 27 26 1 29 14 
30 28 28 28 30 29 30 30 30 28 28 28 29 1 30 14 
3 2 2 2 2 2 2 2 2 2 2 2 2 2 29 2 31 59 
13 12 12 12 12 12 12 12 12 12 12 12 12 3 30 37 29 71 31 22 
23 21 23 23 23 22 22 22 22 22 21 21 22 1 31 40 
28 28 27 26 28 26 26 27 27 28 27 26 27 2 30 32 31 12 
37 37 35 36 37 36 36 35 35 35 36 35 37 0  
15 14 14 14 14 14 14 14 14 14 14 14 14 0  
37 35 36 35 37 37 36 37 36 36 35 37 35 0  

taskCount: 32 | processorsCount: 12 | shape: 2 | outDegree: 3 | comCompRatio: 10 | compCostRange: 0,1 | height: 4
