64 20
37 36 37 36 37 37 36 35 35 35 36 36 37 35 36 36 35 35 37 37 35 3 47 30 54 62 39 76 
2 1 1 1 1 1 1 1 1 1 1 1 1 1 1 1 1 1 1 1 1 2 17 41 30 34 
0 0 0 0 0 0 0 0 0 0 0 0 0 0 0 0 0 0 0 0 0 1 9 55 
32 30 30 30 31 32 31 32 31 32 30 31 31 30 32 30 30 32 31 32 31 2 10 38 35 2 
30 29 30 29 30 30 30 29 28 30 29 28 29 30 29 28 30 28 30 28 28 1 38 65 
7 6 6 6 6 6 6 6 6 6 6 6 6 6 6 6 6 6 6 6 6 3 34 40 54 25 50 96 
16 15 15 15 15 15 15 15 15 15 15 15 15 15 15 15 15 15 15 15 15 3 19 95 28 30 20 32 
21 19 19 20 21 21 19 19 19 21 19 20 19 20 21 19 20 20 21 20 20 2 10 46 24 95 
22 20 20 21 20 20 21 21 21 20 20 22 20 21 20 22 22 22 21 20 20 2 45 8 14 11 
31 31 31 31 31 30 31 30 30 31 31 31 29 29 30 31 29 30 30 29 31 2 33 52 54 71 
4 3 3 3 3 3 3 3 3 3 3 3 3 3 3 3 3 3 3 3 3 1 43 96 
32 30 30 30 31 32 31 30 30 30 32 31 31 30 31 30 31 31 30 30 32 1 57 85 
0 0 0 0 0 0 0 0 0 0 0 0 0 0 0 0 0 0 0 0 0 2 57 51 54 80 
34 34 32 33 34 32 34 32 33 32 33 34 32 32 34 33 32 32 33 34 34 1 56 81 
3 2 2 2 2 2 2 2 2 2 2 2 2 2 2 2 2 2 2 2 2 1 52 41 
23 21 22 23 23 23 23 22 22 23 21 21 21 22 21 23 22 22 23 23 22 2 36 11 37 99 
15 14 14 14 14 14 14 14 14 14 14 14 14 14 14 14 14 14 14 14 14 1 44 98 
12 11 11 11 11 11 11 11 11 11 11 11 11 11 11 11 11 11 11 11 11 1 33 22 
26 25 25 24 24 24 24 24 26 24 24 24 24 25 25 24 26 24 26 26 25 1 33 44 
29 29 29 29 27 29 29 28 27 27 29 29 28 27 29 29 29 29 28 27 27 1 35 35 
6 5 5 5 5 5 5 5 5 5 5 5 5 5 5 5 5 5 5 5 5 2 33 56 57 98 
7 6 6 6 6 6 6 6 6 6 6 6 6 6 6 6 6 6 6 6 6 2 41 34 51 94 
22 21 22 20 21 22 22 22 20 22 22 22 22 21 20 20 21 21 21 20 20 2 41 43 38 0 
15 14 14 14 14 14 14 14 14 14 14 14 14 14 14 14 14 14 14 14 14 2 57 67 49 14 
28 26 26 27 26 27 26 28 26 27 27 27 27 28 26 27 26 26 26 28 27 3 45 87 49 28 42 33 
36 34 36 36 36 34 36 35 36 34 35 35 35 34 36 35 35 34 36 35 36 2 40 95 50 2 
33 33 31 32 32 32 32 31 32 32 33 31 31 31 31 32 32 31 31 31 32 0  
9 8 8 8 8 8 8 8 8 8 8 8 8 8 8 8 8 8 8 8 8 3 34 14 55 66 41 4 
29 27 27 27 29 27 29 27 28 29 27 28 29 27 28 27 29 27 27 27 28 3 43 52 56 84 48 20 
27 26 27 27 26 27 25 26 25 26 26 26 25 27 25 25 27 26 26 25 26 0  
12 11 11 11 11 11 11 11 11 11 11 11 11 11 11 11 11 11 11 11 11 2 48 13 45 63 
12 11 11 11 11 11 11 11 11 11 11 11 11 11 11 11 11 11 11 11 11 3 55 24 50 97 36 7 
20 20 19 19 20 20 20 20 20 20 19 19 19 20 19 20 20 19 20 20 19 1 52 10 
23 22 22 21 23 23 22 21 22 21 22 23 22 22 23 21 21 21 23 21 22 2 55 64 50 98 
34 34 33 33 33 34 32 32 33 32 32 34 34 33 32 33 34 34 32 34 34 2 49 14 48 14 
38 37 37 37 36 36 36 36 38 38 37 36 37 38 37 38 37 37 36 36 37 2 51 10 52 91 
35 34 33 35 34 34 35 33 35 35 35 35 35 34 34 34 34 35 33 33 35 2 52 74 53 64 
5 4 4 4 4 4 4 4 4 4 4 4 4 4 4 4 4 4 4 4 4 1 57 84 
34 34 32 34 34 32 32 33 34 32 34 32 32 34 32 34 33 34 33 32 34 1 57 17 
33 33 31 32 31 31 32 31 32 31 32 33 32 31 33 33 33 31 31 32 31 1 55 1 
25 25 24 25 24 25 25 23 25 24 24 24 25 25 23 25 23 24 23 23 25 3 48 37 46 1 49 61 
20 19 20 19 19 19 20 20 20 20 20 20 19 19 20 20 19 20 20 20 20 0  
9 8 8 8 8 8 8 8 8 8 8 8 8 8 8 8 8 8 8 8 8 1 50 74 
30 30 29 29 28 30 30 30 29 28 28 29 30 28 30 30 29 30 30 29 28 2 53 31 49 6 
16 15 15 15 15 15 15 15 15 15 15 15 15 15 15 15 15 15 15 15 15 3 55 80 53 20 48 65 
7 6 6 6 6 6 6 6 6 6 6 6 6 6 6 6 6 6 6 6 6 2 50 46 48 93 
24 23 23 24 22 24 22 23 22 23 23 23 22 24 22 24 24 22 24 24 24 0  
34 33 33 32 32 33 33 34 33 34 32 33 32 32 32 32 32 33 32 32 33 0  
20 19 19 20 20 19 20 20 19 20 20 20 20 19 20 19 19 20 19 19 20 0  
30 28 28 29 30 28 29 28 29 30 30 29 29 28 30 30 30 28 28 30 30 0  
0 0 0 0 0 0 0 0 0 0 0 0 0 0 0 0 0 0 0 0 0 0  
28 26 28 27 26 28 28 28 28 27 27 28 26 28 28 28 27 28 26 28 26 0  
12 11 11 11 11 11 11 11 11 11 11 11 11 11 11 11 11 11 11 11 11 0  
22 21 22 21 21 22 22 20 22 20 21 22 22 22 20 21 20 22 22 20 21 0  
3 2 2 2 2 2 2 2 2 2 2 2 2 2 2 2 2 2 2 2 2 0  
29 28 27 27 27 28 27 29 29 27 29 29 27 27 28 28 27 27 27 28 29 0  
20 19 20 20 20 20 19 20 19 19 19 20 20 19 19 20 19 19 19 20 19 0  
24 23 22 22 22 24 23 23 24 24 23 23 22 23 24 24 22 22 23 23 24 0  
4 3 3 3 3 3 3 3 3 3 3 3 3 3 3 3 3 3 3 3 3 0  
33 31 33 33 32 31 32 33 32 33 33 32 32 33 31 33 31 31 33 32 32 0  
13 12 12 12 12 12 12 12 12 12 12 12 12 12 12 12 12 12 12 12 12 0  
6 5 5 5 5 5 5 5 5 5 5 5 5 5 5 5 5 5 5 5 5 0  
31 30 31 30 31 31 29 30 29 30 30 29 31 30 29 31 31 29 29 31 29 0  
34 34 32 33 34 32 34 32 32 34 33 34 33 34 32 34 33 34 34 33 32 0  

taskCount: 64 | processorsCount: 20 | shape: 2 | outDegree: 3 | comCompRatio: 0,5 | compCostRange: 0,1 | height: 4
