16 12
38 56 47 35 41 38 43 22 33 50 27 55 23 1 11 27 
39 55 30 52 38 39 39 29 28 35 37 46 51 2 10 31 11 11 
34 19 49 41 27 28 34 35 31 29 22 25 32 2 11 56 14 99 
4 2 5 4 4 5 4 2 2 2 3 2 4 2 8 75 7 39 
28 14 32 38 17 23 18 23 37 18 35 36 39 3 8 94 15 27 6 84 
21 11 14 28 18 18 27 23 26 22 21 10 17 3 12 50 10 85 8 69 
5 5 5 2 2 3 6 6 6 6 3 5 2 0  
31 28 30 40 34 23 16 16 36 23 33 20 35 0  
16 14 20 11 19 18 18 12 15 13 15 14 16 0  
23 19 23 19 29 20 21 31 17 25 19 19 27 0  
33 39 25 26 41 34 43 23 38 48 18 16 33 0  
30 40 25 26 44 39 25 33 33 21 25 20 30 0  
37 22 27 40 18 18 36 20 26 29 42 54 50 0  
18 18 15 20 22 17 14 10 19 19 21 22 16 0  
5 6 2 4 3 6 5 4 5 4 2 4 3 0  
23 29 28 11 24 15 32 30 13 29 33 15 27 0  

taskCount: 16 | processorsCount: 12 | shape: 2 | outDegree: 3 | comCompRatio: 0,5 | compCostRange: 1 | height: 3
