16 12
39 28 43 52 55 44 51 53 31 45 41 51 31 0  
31 45 33 35 27 32 26 33 21 28 25 40 29 2 13 44 14 39 
16 19 9 18 20 12 8 19 17 17 20 9 12 1 15 98 
36 31 23 43 30 42 44 39 31 18 40 48 29 1 13 17 
19 10 26 23 9 11 12 13 17 23 22 11 17 0  
27 32 30 37 22 31 21 35 22 31 22 30 28 1 13 53 
38 49 45 27 52 55 36 42 54 52 38 46 27 1 14 77 
39 30 49 57 38 35 44 32 55 30 31 44 30 1 12 7 
33 39 28 34 48 44 47 34 43 19 48 37 37 2 14 5 12 89 
25 26 34 32 13 16 27 28 17 16 19 13 32 1 13 88 
12 16 11 8 13 6 14 10 13 12 7 12 15 1 12 57 
32 44 16 34 47 31 19 34 40 23 32 46 34 3 12 12 15 81 13 65 
2 2 1 1 1 1 1 1 2 2 2 2 2 0  
3 1 3 2 3 1 1 1 1 3 1 2 2 0  
8 11 10 4 5 7 6 5 11 11 10 4 5 0  
9 10 11 9 10 8 11 11 12 5 9 6 12 0  

taskCount: 16 | processorsCount: 12 | shape: 2 | outDegree: 3 | comCompRatio: 10 | compCostRange: 1 | height: 2
