512 12
26 14 29 25 35 21 27 19 22 14 36 19 16 1 462 40 
2 2 2 1 2 1 2 1 2 2 2 1 2 0  
23 11 24 31 31 31 24 29 16 33 12 23 29 1 381 83 
27 33 21 27 38 29 37 21 25 17 20 19 25 1 342 27 
8 5 10 5 11 9 9 9 9 10 7 9 5 1 265 90 
21 18 14 16 10 16 28 20 18 18 21 27 23 1 186 33 
32 46 38 43 30 26 36 25 47 28 42 38 21 1 441 27 
1 0 0 0 0 0 0 0 0 0 0 0 0 1 496 34 
24 31 24 24 22 16 16 14 33 22 24 30 29 1 164 76 
17 17 22 20 12 22 13 21 20 20 12 16 13 1 230 44 
13 8 11 18 12 12 10 12 16 13 10 9 7 1 366 97 
28 17 33 17 28 19 27 15 25 29 14 37 29 1 95 54 
35 45 30 19 51 33 42 17 51 26 44 38 42 1 192 57 
16 22 21 14 11 14 21 8 11 14 17 21 19 1 118 86 
5 3 3 6 4 2 6 4 5 2 4 5 2 1 487 39 
8 10 4 11 7 10 7 7 10 7 9 6 7 0  
0 0 0 0 0 0 0 0 0 0 0 0 0 1 298 2 
32 35 22 33 46 39 27 18 42 38 35 42 26 1 176 90 
39 33 48 37 52 51 28 22 53 41 35 55 54 1 364 69 
36 37 18 34 39 53 42 39 27 20 44 42 22 1 114 85 
33 20 41 32 39 31 35 38 29 33 29 22 41 1 268 35 
38 45 55 25 56 55 48 30 29 36 28 30 39 1 149 1 
38 27 47 46 20 20 37 21 53 20 34 24 24 1 173 58 
19 26 13 18 20 20 12 22 24 11 26 16 19 1 508 28 
11 9 5 11 5 13 7 15 8 5 12 15 11 1 373 38 
4 2 4 3 3 4 2 2 3 5 5 3 5 1 291 49 
26 27 23 19 16 28 28 22 36 37 26 14 17 0  
29 36 31 22 17 35 17 25 17 16 31 20 32 1 278 89 
18 13 22 18 18 13 21 13 14 25 23 19 12 1 299 97 
17 11 8 19 14 16 10 12 14 19 11 16 18 1 150 4 
26 25 35 31 25 35 25 28 25 33 16 21 24 1 469 67 
23 23 18 11 13 17 21 12 22 32 26 27 16 1 145 59 
24 14 14 24 14 35 24 12 26 17 31 20 34 1 91 31 
2 1 1 2 2 2 1 2 1 2 1 1 2 0  
3 1 2 3 1 2 1 2 2 2 1 3 3 1 106 29 
21 19 17 15 16 30 19 16 18 20 26 12 14 1 230 69 
32 16 20 20 45 27 25 33 31 40 40 31 20 1 178 42 
38 31 43 51 24 54 48 41 26 30 52 47 22 0  
20 17 26 15 24 20 27 17 19 17 26 11 21 1 454 72 
31 44 26 15 15 39 34 30 23 31 23 27 20 1 174 21 
18 17 12 15 9 18 24 15 19 21 16 12 11 1 106 22 
0 0 0 0 0 0 0 0 0 0 0 0 0 1 363 92 
11 11 15 6 8 7 15 9 5 12 8 11 8 0  
19 22 9 20 24 15 23 18 10 20 26 20 9 1 431 35 
38 56 48 42 21 50 48 46 56 27 39 27 37 1 395 54 
14 14 7 20 14 14 10 11 8 20 9 10 11 1 219 23 
11 5 5 15 6 11 9 14 9 15 6 10 13 1 459 50 
29 31 41 39 15 39 28 38 35 32 29 41 19 1 131 28 
24 25 30 19 29 33 28 31 14 28 24 24 21 1 107 36 
26 16 19 23 27 13 38 15 15 33 26 19 13 1 433 58 
18 25 22 16 17 22 11 24 9 26 9 26 9 1 467 46 
17 13 9 10 11 9 8 17 9 13 18 9 21 1 146 1 
21 16 10 20 21 23 20 26 24 28 11 18 27 1 213 64 
36 53 42 28 29 25 22 51 38 36 30 30 20 1 343 62 
24 25 33 23 30 29 25 35 25 19 21 35 12 0  
28 20 32 16 37 32 38 26 36 15 15 30 24 1 441 2 
3 1 1 1 1 1 1 3 3 3 2 2 2 1 415 26 
3 3 3 2 1 2 1 3 2 3 1 2 1 1 277 62 
16 9 18 11 9 18 22 18 15 15 23 8 13 1 268 43 
4 3 2 4 2 5 5 4 3 2 4 5 2 1 174 70 
35 48 51 39 34 25 48 45 24 32 20 35 49 1 438 40 
2 1 2 1 2 2 1 1 1 2 1 2 2 1 74 92 
23 23 33 21 33 15 29 18 19 11 21 21 20 1 280 57 
7 6 9 6 4 6 7 9 4 8 7 6 3 1 84 33 
30 44 21 28 33 40 32 33 27 40 31 21 29 1 390 91 
30 17 24 28 36 28 26 25 33 21 43 36 29 1 202 1 
3 2 3 3 2 1 2 2 3 3 1 3 3 1 144 67 
32 28 37 30 26 28 42 18 35 22 20 34 30 1 327 82 
12 15 9 8 17 10 6 12 13 10 10 7 17 1 360 66 
23 12 27 28 23 18 15 23 31 32 20 23 23 1 370 56 
15 15 10 11 9 15 8 18 15 13 21 14 7 1 352 79 
1 0 0 0 0 0 0 0 0 0 0 0 0 1 260 9 
11 11 13 10 5 13 10 15 8 9 11 15 8 1 167 7 
7 9 6 6 4 8 5 9 4 5 4 4 5 1 298 37 
17 16 17 11 15 11 8 16 19 8 19 12 8 1 417 37 
32 28 24 22 37 43 18 27 43 19 44 29 25 0  
26 27 28 14 23 17 16 37 31 29 26 13 29 1 424 84 
18 21 11 14 10 13 21 21 18 22 11 26 19 1 420 42 
20 17 22 20 20 26 27 14 12 28 20 14 13 1 335 71 
36 31 46 28 51 31 44 23 46 47 39 36 20 1 184 7 
32 46 46 46 37 35 27 20 45 29 25 33 20 0  
36 27 25 40 30 39 25 48 22 43 26 50 53 1 119 31 
4 5 5 3 3 2 3 2 4 3 4 4 3 1 289 78 
31 21 27 43 37 28 18 36 28 27 36 27 15 1 423 38 
38 40 45 37 29 54 28 41 55 54 25 51 31 1 137 30 
9 7 10 8 10 12 4 6 6 9 11 10 7 1 186 68 
1 0 0 0 0 0 0 0 0 0 0 0 0 1 424 55 
28 15 19 21 29 19 21 15 20 36 37 31 35 1 457 9 
18 15 26 26 13 19 21 18 17 13 22 23 14 1 144 46 
15 20 13 16 7 21 13 13 13 15 17 16 11 1 230 60 
17 11 14 20 10 14 16 15 15 23 8 22 19 1 235 8 
28 28 30 41 15 22 15 35 18 14 14 30 41 1 245 30 
22 15 32 24 12 23 13 28 32 16 22 23 11 1 170 45 
16 20 12 8 19 21 10 16 13 23 14 22 20 1 208 7 
35 32 22 37 19 47 37 41 38 38 35 24 28 1 422 36 
16 11 22 23 20 11 16 13 14 16 17 15 18 1 325 2 
17 18 22 22 22 10 11 24 22 12 20 8 13 1 324 24 
4 5 5 4 2 4 3 3 2 3 3 5 5 1 476 9 
28 37 18 38 28 14 40 34 26 15 16 19 21 1 323 86 
8 4 10 8 10 6 7 11 10 4 9 7 7 1 199 74 
10 8 9 10 10 6 13 6 14 12 12 7 14 1 400 24 
19 11 19 21 14 13 26 22 9 13 21 9 23 1 139 9 
17 11 9 21 8 22 11 21 10 21 19 18 10 1 307 23 
0 0 0 0 0 0 0 0 0 0 0 0 0 1 389 94 
10 9 11 8 6 12 8 9 5 7 14 8 12 1 399 84 
16 21 12 19 19 12 18 9 19 15 21 9 18 0  
5 4 2 2 4 5 4 2 5 5 4 3 2 1 180 33 
13 18 17 6 18 18 8 6 7 6 18 12 9 1 408 29 
18 19 16 22 9 15 15 26 16 13 14 25 13 1 166 77 
32 34 45 20 18 42 16 33 37 19 46 22 25 1 167 89 
1 0 0 0 0 0 0 0 0 0 0 0 0 0  
25 32 16 35 18 18 20 25 23 22 13 22 22 1 497 98 
23 29 28 14 23 32 31 18 11 15 21 23 22 1 309 54 
19 11 16 13 24 23 26 19 11 23 20 9 11 1 269 53 
11 5 15 14 7 9 9 14 7 11 14 7 13 1 370 92 
39 24 54 56 24 43 22 22 21 34 54 29 24 1 315 6 
37 36 33 23 31 21 38 40 39 28 43 22 26 1 169 98 
31 22 39 38 28 21 44 31 19 26 37 16 29 1 168 24 
8 11 7 4 6 10 6 10 11 5 7 7 8 1 352 32 
21 20 10 18 14 17 30 23 27 18 15 24 30 1 302 24 
28 30 29 34 25 41 40 22 14 28 28 36 19 1 204 58 
15 10 12 21 17 13 10 17 19 14 16 20 12 1 337 92 
14 20 15 11 18 7 19 8 10 14 11 12 8 1 148 91 
37 28 44 29 35 30 34 20 19 28 29 49 45 1 283 60 
5 3 3 6 6 2 4 4 4 3 4 2 6 1 449 95 
27 18 29 14 27 15 37 13 17 23 22 26 37 1 342 91 
19 11 14 24 12 14 19 12 24 13 19 19 23 1 315 52 
35 21 28 43 22 41 38 35 24 23 51 17 47 1 257 31 
12 6 16 10 6 14 17 9 11 6 10 16 13 1 236 1 
1 0 0 0 0 0 0 0 0 0 0 0 0 1 440 7 
14 12 10 13 20 7 17 7 17 9 11 16 19 1 503 76 
22 30 31 30 25 15 16 22 22 29 22 27 30 1 257 63 
29 40 14 27 20 14 38 38 37 29 39 18 18 1 376 40 
12 13 7 16 17 15 9 16 6 15 14 14 13 1 405 77 
25 22 17 17 36 21 21 26 21 35 31 15 13 1 182 40 
13 18 16 6 12 18 12 17 18 16 10 13 9 1 205 80 
19 19 22 20 19 18 13 18 15 22 19 16 24 1 251 25 
3 3 2 2 2 3 3 3 2 3 2 3 2 0  
20 16 25 20 16 14 25 16 29 16 22 12 22 1 484 96 
22 18 22 11 26 14 32 27 28 16 18 21 20 1 437 33 
3 1 2 2 1 3 3 3 3 2 3 2 1 1 289 22 
28 37 16 36 38 28 19 38 40 30 28 21 15 1 369 28 
9 10 5 12 10 12 8 4 12 12 11 10 8 1 449 51 
26 16 34 21 26 27 23 15 27 23 32 17 20 1 351 4 
14 13 17 16 12 15 7 7 16 18 19 9 9 1 306 57 
32 40 30 41 47 21 24 25 34 17 41 20 26 1 504 82 
5 3 5 4 5 5 2 2 2 4 2 4 5 1 363 82 
3 1 3 2 3 3 3 3 2 3 3 3 2 1 469 93 
4 3 2 4 4 5 2 5 3 2 4 2 2 1 185 42 
36 49 31 37 35 46 20 22 24 30 44 22 20 1 207 19 
18 16 10 24 11 17 20 13 18 15 17 15 19 1 346 51 
25 24 19 28 15 19 27 27 26 36 21 16 20 1 469 25 
36 52 26 52 41 36 50 51 40 30 38 50 45 1 179 16 
7 7 3 5 5 7 9 3 7 5 5 8 9 1 179 65 
20 10 27 20 13 19 21 11 23 22 23 15 22 1 266 78 
35 51 34 30 46 31 51 26 39 23 35 18 41 1 248 73 
4 4 3 4 2 4 3 2 5 3 3 3 2 1 267 9 
19 16 13 24 26 15 16 14 17 12 14 15 14 1 269 12 
34 20 33 27 44 34 28 38 20 45 32 44 36 1 217 73 
23 24 12 19 21 33 15 33 27 13 27 27 19 1 174 31 
37 21 35 35 54 22 48 49 36 33 31 29 52 1 256 9 
10 5 13 9 6 9 12 6 11 5 12 14 11 1 169 21 
1 0 0 0 0 0 0 0 0 0 0 0 0 1 203 88 
17 22 17 8 18 19 12 11 9 14 17 8 16 1 249 68 
17 21 8 18 10 13 21 12 22 23 10 24 20 1 280 81 
18 17 10 25 20 11 17 9 19 16 17 17 21 1 336 75 
35 35 49 26 35 37 40 47 48 26 50 38 37 1 494 73 
11 14 7 15 5 5 11 8 12 10 8 15 10 1 414 90 
33 28 24 46 37 44 21 20 33 45 36 31 32 1 327 89 
38 45 51 37 48 47 53 44 53 44 19 43 20 1 270 18 
19 19 14 13 17 20 26 11 24 17 18 26 25 1 230 89 
34 21 32 38 35 49 47 18 38 28 26 44 29 1 352 61 
11 14 6 15 13 13 8 13 10 13 9 14 5 1 349 56 
26 15 32 25 19 21 29 14 14 31 34 17 32 1 460 54 
17 12 16 16 20 11 20 21 15 21 17 8 15 1 196 67 
0 0 0 0 0 0 0 0 0 0 0 0 0 1 201 98 
5 2 2 2 4 2 6 2 5 4 2 3 2 1 415 92 
28 32 36 36 25 34 41 15 37 17 19 38 31 1 489 1 
23 33 32 20 15 29 22 27 13 12 32 15 23 1 446 83 
13 7 12 16 8 18 12 7 12 12 15 13 10 1 470 92 
21 14 25 18 11 20 23 15 12 14 19 12 30 1 432 98 
15 16 16 20 13 20 8 16 11 8 13 17 21 1 202 4 
30 30 38 16 24 24 44 15 37 22 21 28 42 1 465 2 
15 15 12 11 19 17 16 12 18 18 16 19 14 1 438 12 
23 27 11 24 28 17 16 30 14 17 11 27 24 1 240 69 
28 27 32 40 40 37 15 37 36 25 38 17 35 1 463 62 
26 33 21 14 16 18 16 21 18 17 38 23 38 1 486 97 
22 26 15 15 20 23 17 22 21 31 14 15 23 1 357 27 
31 28 34 40 33 28 41 44 40 24 31 30 38 1 348 54 
30 36 16 19 43 16 37 32 34 43 17 40 40 1 222 73 
9 11 6 5 7 11 11 5 8 5 8 9 7 1 242 7 
39 29 46 25 37 30 56 49 22 37 56 29 42 1 336 29 
8 8 6 8 6 10 10 7 5 6 11 7 4 1 458 12 
36 25 50 28 30 27 43 46 32 21 19 24 39 1 483 75 
24 14 29 34 25 19 31 19 23 35 13 18 19 1 273 60 
33 46 25 16 27 21 31 43 17 22 28 43 36 1 379 17 
26 19 34 16 37 16 23 25 36 33 25 24 16 1 306 79 
32 42 26 23 38 19 40 46 17 29 27 27 39 0  
8 9 8 5 5 8 5 6 11 9 9 7 10 1 416 43 
35 48 25 36 24 47 31 40 23 46 48 44 38 1 442 42 
37 41 25 41 41 40 46 52 18 42 32 48 25 1 369 79 
34 46 39 29 46 45 38 21 19 28 22 35 32 1 444 23 
9 7 12 4 4 8 11 4 9 9 12 8 8 0  
6 4 8 3 3 8 3 6 7 4 6 8 7 1 457 28 
16 13 8 23 18 22 16 17 9 10 20 12 15 0  
24 15 32 23 16 16 18 23 25 12 17 17 29 1 269 38 
14 12 16 20 14 15 11 11 19 14 14 10 19 0  
10 6 14 5 12 10 9 8 12 7 11 14 9 1 369 85 
29 27 31 28 17 41 16 19 34 21 42 21 15 1 279 59 
19 24 22 27 16 26 25 12 21 13 18 25 22 1 379 70 
30 34 40 18 25 20 30 27 27 24 37 37 32 1 347 26 
16 21 10 17 20 19 14 22 18 13 18 11 22 1 492 11 
36 49 35 40 46 38 34 24 29 50 37 53 31 1 294 65 
21 12 10 18 23 28 30 19 13 26 13 24 16 1 384 24 
2 2 1 1 2 1 2 2 2 2 2 2 2 1 407 3 
22 24 31 23 14 17 18 15 18 15 28 13 19 1 486 12 
19 17 27 26 14 10 27 17 18 23 13 12 21 0  
25 33 29 14 22 19 22 14 25 19 23 24 36 1 250 84 
33 36 23 41 22 32 42 47 24 28 44 25 41 1 390 32 
28 32 27 14 21 36 16 34 29 39 35 25 40 1 320 22 
32 28 40 43 41 30 30 43 18 40 36 26 30 1 439 92 
12 11 10 7 9 7 9 15 13 13 15 15 12 1 444 69 
19 18 18 20 25 27 20 22 24 27 17 26 14 0  
3 2 1 1 3 1 3 2 2 1 3 1 1 1 454 89 
28 32 34 16 17 31 21 26 20 15 37 34 20 1 396 48 
20 17 24 13 25 10 24 25 10 19 26 23 14 1 423 51 
25 36 31 24 36 18 13 24 19 21 32 23 32 1 254 77 
14 19 18 15 16 18 8 8 19 7 14 14 18 1 308 7 
1 0 0 0 0 0 0 0 0 0 0 0 0 1 299 35 
24 16 27 21 34 14 30 33 27 17 32 28 15 0  
13 10 8 17 11 18 18 11 15 10 9 13 7 1 465 34 
12 7 9 8 7 13 6 14 9 6 14 11 7 0  
19 14 24 12 13 17 10 25 26 24 14 25 15 1 346 52 
27 39 36 15 39 39 38 15 36 31 34 33 24 1 350 19 
15 17 11 20 8 16 19 16 16 7 17 9 12 1 435 68 
27 28 22 33 15 34 18 15 33 30 34 24 19 1 291 69 
6 8 4 5 6 6 4 7 7 8 3 5 3 1 472 46 
23 14 33 14 19 13 18 26 18 14 15 32 32 1 269 81 
39 54 30 23 26 54 39 25 49 55 29 54 51 1 484 11 
39 48 40 55 55 48 38 42 26 34 49 27 32 1 318 99 
14 14 19 9 8 11 8 19 16 10 8 13 19 1 331 92 
16 16 9 14 12 23 20 8 16 8 12 18 19 1 409 63 
33 32 44 20 43 32 28 18 35 34 21 41 29 1 300 91 
12 9 6 7 8 6 8 13 10 10 16 7 17 1 431 70 
39 55 43 37 44 44 23 56 45 43 28 33 23 1 346 84 
32 17 30 39 45 46 35 27 40 23 45 24 35 1 411 60 
2 2 1 1 1 2 1 1 1 2 2 2 1 1 255 69 
27 38 23 22 20 22 34 37 23 24 28 24 18 1 417 87 
34 35 36 25 24 47 34 43 44 21 39 48 44 1 481 86 
2 1 2 2 1 2 1 1 1 2 2 2 1 1 392 33 
13 18 10 12 10 6 10 13 13 17 13 14 18 0  
1 0 0 0 0 0 0 0 0 0 0 0 0 1 471 57 
38 53 34 34 33 47 38 38 23 48 47 41 55 0  
20 26 26 14 23 21 19 22 28 11 16 29 27 1 339 52 
3 1 1 2 3 3 2 1 2 3 3 2 2 1 440 37 
24 35 12 26 32 25 25 33 15 23 14 15 19 0  
14 15 11 10 7 19 7 20 7 20 19 18 12 1 320 82 
6 5 4 5 3 8 3 7 3 4 6 5 3 1 376 58 
17 16 19 21 23 14 17 16 23 10 21 11 9 0  
36 34 47 45 51 47 25 32 49 29 50 33 22 0  
38 19 38 37 48 55 27 41 41 54 50 56 24 1 449 32 
39 47 51 23 55 51 44 46 31 40 28 48 50 1 402 30 
8 11 8 4 11 10 7 10 6 9 9 9 11 0  
5 2 4 3 5 6 6 4 4 3 3 5 2 1 465 44 
6 5 7 5 6 8 7 6 6 4 4 3 3 1 413 63 
17 10 10 24 21 12 11 11 17 23 22 20 22 1 493 9 
37 35 42 42 45 24 44 31 20 46 29 42 18 1 340 76 
8 5 7 9 4 4 8 8 11 5 6 11 8 0  
5 5 6 3 4 3 3 3 3 5 4 5 3 1 494 67 
14 7 9 16 9 7 9 20 12 14 13 12 8 1 502 42 
16 19 20 21 19 21 11 17 18 23 18 17 14 0  
35 44 22 46 45 18 37 31 41 50 32 44 38 1 428 11 
26 16 36 24 21 24 19 25 37 14 17 25 36 1 485 45 
34 39 34 24 38 38 49 23 25 19 41 22 23 1 508 51 
14 14 7 20 20 20 9 13 9 19 7 18 14 1 398 35 
16 13 16 9 23 8 18 20 11 8 16 8 22 0  
19 27 20 25 23 24 23 27 15 11 22 11 12 1 313 22 
7 4 3 9 5 5 7 5 5 9 7 7 8 0  
4 2 4 2 4 4 5 3 5 3 3 5 2 1 406 30 
36 34 23 30 36 33 51 31 50 33 30 34 35 1 451 22 
17 11 11 16 20 8 8 23 14 13 18 9 20 0  
38 47 27 23 34 53 36 52 50 23 49 34 56 1 467 25 
20 11 11 27 14 24 13 15 24 12 11 12 12 0  
39 40 42 49 31 26 31 46 41 40 45 44 28 1 336 57 
10 11 5 10 14 8 9 5 13 10 9 10 12 1 319 9 
11 5 8 11 7 6 8 7 10 9 12 9 9 1 504 23 
14 15 20 12 17 11 15 17 8 12 12 15 7 1 391 74 
39 20 46 46 23 23 19 38 21 48 26 46 51 1 413 51 
24 33 24 31 27 30 23 14 26 19 23 32 13 1 468 82 
30 37 31 16 28 44 39 23 24 28 19 30 26 1 474 22 
12 14 10 14 8 13 13 16 14 7 11 8 15 1 493 15 
39 25 47 52 27 42 23 50 39 51 47 26 29 1 392 74 
6 6 8 8 8 7 6 3 6 4 4 3 8 1 375 65 
2 2 2 1 1 2 2 1 2 1 2 2 1 1 466 95 
0 0 0 0 0 0 0 0 0 0 0 0 0 1 415 23 
14 13 10 12 15 7 17 10 9 10 10 11 10 1 353 32 
7 8 8 5 8 5 3 8 8 3 7 9 5 1 359 55 
28 30 21 39 19 19 22 35 21 40 41 24 32 1 503 12 
5 4 6 5 3 3 4 5 2 5 5 6 2 0  
21 28 13 24 19 17 26 29 16 25 21 29 28 1 382 65 
35 47 30 48 51 37 22 34 37 24 50 49 40 1 496 44 
34 49 28 25 29 41 41 50 37 50 17 21 22 0  
21 28 22 21 10 23 15 14 10 12 26 21 28 1 337 32 
19 15 24 27 24 22 14 16 14 12 24 15 24 1 351 96 
26 24 20 30 15 31 34 35 36 36 21 34 28 1 481 69 
18 19 12 23 19 22 26 18 20 10 14 21 23 1 369 0 
14 17 8 11 10 20 17 16 8 11 10 16 15 1 361 90 
3 3 2 2 3 3 1 1 3 1 3 3 1 1 492 29 
5 5 5 3 3 4 3 4 4 5 2 2 4 1 349 54 
26 38 14 19 25 25 37 23 14 18 27 38 37 1 460 85 
5 3 2 4 5 6 5 5 4 6 5 2 4 1 387 35 
7 7 9 6 3 9 3 8 6 9 3 9 9 1 367 67 
2 1 1 1 2 1 2 2 2 1 1 2 2 1 473 77 
21 19 13 13 22 11 10 24 12 28 22 16 25 0  
19 19 26 20 11 21 13 23 23 19 19 17 21 0  
0 0 0 0 0 0 0 0 0 0 0 0 0 1 458 15 
19 26 25 10 9 21 22 18 16 12 9 26 15 0  
8 11 6 4 10 11 7 11 7 9 9 6 4 1 411 77 
34 23 46 48 21 23 49 29 28 43 36 19 38 0  
34 50 39 45 36 35 17 43 36 44 31 33 43 1 366 67 
3 3 3 1 1 2 1 2 2 2 2 3 1 0  
38 34 36 34 49 49 40 24 30 44 46 52 52 1 370 67 
24 32 24 21 19 17 20 15 12 32 35 31 29 1 403 64 
14 18 11 16 9 16 19 7 12 14 18 17 12 1 396 89 
2 1 1 2 2 2 1 2 1 2 1 2 1 1 452 4 
16 14 22 15 11 15 8 10 14 20 11 16 14 1 414 87 
29 15 27 14 16 39 34 17 35 22 20 20 40 1 394 41 
23 29 24 31 26 17 12 18 28 22 18 31 28 1 465 69 
34 28 45 30 20 31 24 45 25 36 42 17 28 1 507 55 
0 0 0 0 0 0 0 0 0 0 0 0 0 1 475 95 
8 4 5 7 11 7 6 10 6 11 10 11 9 1 477 30 
31 39 22 23 41 21 41 37 25 26 37 33 25 1 371 61 
1 0 0 0 0 0 0 0 0 0 0 0 0 1 392 53 
22 23 22 22 19 25 28 32 32 13 25 29 20 1 443 15 
1 0 0 0 0 0 0 0 0 0 0 0 0 1 359 17 
23 33 12 29 24 17 21 29 29 16 19 32 26 1 492 86 
16 15 16 22 22 19 23 23 13 11 20 11 16 0  
0 0 0 0 0 0 0 0 0 0 0 0 0 1 400 72 
13 16 13 9 8 7 13 10 10 12 6 8 10 1 507 48 
32 37 30 43 16 36 30 28 20 19 32 30 30 0  
37 22 39 28 25 21 25 34 20 38 19 33 49 1 471 24 
10 13 6 12 6 6 6 6 5 6 13 12 11 1 385 79 
33 23 34 22 32 41 17 38 34 18 23 23 41 1 412 25 
37 23 29 30 41 38 37 54 33 49 49 54 50 1 444 98 
25 34 32 26 14 25 23 21 19 22 27 19 25 1 419 71 
4 2 3 2 3 5 2 5 2 4 3 2 4 1 448 39 
37 44 29 41 28 34 42 18 24 40 27 30 30 1 398 75 
24 29 16 23 32 31 25 26 29 27 14 13 29 1 370 59 
23 12 21 20 17 15 23 23 30 24 26 19 29 1 495 1 
39 47 43 50 49 31 33 40 36 49 50 51 34 1 456 50 
34 18 19 45 37 21 37 24 34 32 44 44 42 1 458 93 
39 49 51 46 36 35 30 29 42 23 25 52 56 1 455 86 
33 44 31 17 29 34 40 37 39 24 31 25 28 1 468 25 
10 14 10 6 13 8 6 12 10 11 10 10 8 1 486 36 
17 22 15 17 16 19 11 14 13 16 23 9 12 1 444 94 
36 19 53 40 39 30 33 43 18 23 33 53 32 1 410 98 
9 8 6 7 4 4 4 6 9 12 8 10 11 1 448 47 
6 5 3 8 4 8 5 4 7 5 7 8 8 1 482 77 
17 17 10 19 9 12 11 15 9 13 23 16 20 1 453 6 
9 11 9 11 4 8 8 4 12 7 4 6 8 1 489 92 
28 37 38 18 39 24 20 32 36 34 16 27 32 1 412 12 
31 32 17 39 42 26 29 30 16 33 26 38 20 1 507 22 
9 11 6 12 12 5 5 8 10 5 10 9 8 1 417 3 
4 2 2 4 4 4 2 5 5 4 3 2 5 0  
18 20 17 15 11 11 24 22 11 10 25 10 14 1 490 11 
14 9 9 19 12 18 14 20 12 12 14 10 12 1 435 21 
6 3 6 4 3 8 4 4 7 5 5 8 7 1 463 57 
19 14 19 25 27 15 19 25 20 19 21 11 20 1 511 57 
20 13 26 28 10 19 22 18 23 24 28 19 12 1 421 9 
36 24 41 45 33 21 44 42 25 27 37 28 51 0  
23 31 26 20 11 18 26 26 20 18 18 30 29 1 467 21 
18 18 25 11 17 22 10 13 18 16 19 26 15 1 396 15 
34 43 48 35 45 31 26 39 29 25 50 18 30 0  
2 2 2 2 1 1 1 1 2 2 1 1 1 1 442 57 
37 27 42 42 23 23 43 28 23 54 52 26 45 1 406 22 
33 27 31 37 32 23 42 35 19 45 37 29 39 1 412 44 
4 2 5 4 3 5 3 5 4 4 3 2 4 1 406 47 
26 25 17 36 30 36 36 13 31 33 25 21 28 1 426 1 
29 17 32 31 15 25 42 24 31 17 26 21 22 1 500 88 
37 35 39 39 49 44 23 52 51 32 42 22 26 1 511 86 
19 19 23 23 23 10 16 21 27 13 23 11 16 0  
5 3 5 2 2 3 2 6 3 2 6 3 3 1 494 59 
0 0 0 0 0 0 0 0 0 0 0 0 0 1 400 27 
34 41 41 40 46 34 39 21 25 48 19 25 20 1 480 95 
6 5 4 7 7 7 6 3 3 5 5 4 6 1 426 24 
8 10 5 9 10 9 11 8 11 5 11 11 6 1 488 45 
37 45 27 49 20 47 35 27 20 42 42 26 35 1 464 76 
30 43 44 18 28 43 21 23 43 42 35 33 35 1 392 85 
4 4 2 3 2 5 3 4 3 4 4 3 3 1 416 62 
4 4 2 5 4 4 5 3 5 2 2 4 5 1 493 49 
13 14 14 13 9 13 14 10 8 12 18 12 18 1 406 54 
10 5 11 11 12 11 14 12 14 14 7 14 7 0  
22 13 13 22 21 13 27 25 23 23 22 22 22 0  
3 1 2 2 2 2 1 2 2 1 1 2 3 0  
3 3 1 2 1 1 1 3 1 3 3 2 1 1 489 88 
6 7 5 8 4 4 5 3 7 5 7 4 6 0  
0 0 0 0 0 0 0 0 0 0 0 0 0 0  
29 38 38 16 25 32 27 25 31 39 36 36 19 1 452 34 
19 14 15 21 17 17 9 18 10 23 19 15 17 1 475 38 
10 10 13 11 7 5 11 7 5 12 5 9 5 0  
38 43 42 33 51 38 19 30 38 29 37 55 24 0  
17 9 13 17 16 15 16 18 14 24 8 23 16 1 509 44 
3 3 2 2 3 3 2 3 3 1 1 3 3 1 490 31 
26 26 38 31 15 27 38 26 25 21 37 22 18 1 509 71 
15 19 19 16 11 16 14 15 20 15 9 21 11 0  
15 17 7 15 17 7 9 20 11 20 16 18 9 1 451 3 
4 2 4 5 2 5 5 2 2 5 5 5 3 1 493 23 
30 43 26 24 40 24 41 29 24 25 24 39 36 0  
13 10 16 18 15 9 16 15 17 10 12 7 17 1 453 65 
24 12 16 17 24 26 35 23 13 28 23 34 24 1 473 15 
32 39 38 43 25 37 45 27 30 23 47 30 30 0  
23 22 16 22 24 31 28 14 20 18 30 30 27 1 480 9 
16 9 15 9 10 13 22 13 9 10 21 20 10 1 480 80 
20 27 27 17 10 11 28 15 13 11 20 11 13 1 460 62 
30 43 43 35 19 41 27 29 22 37 20 35 41 1 437 33 
23 15 27 26 13 19 16 22 29 17 24 20 24 0  
30 36 26 30 40 25 19 20 17 34 30 40 26 0  
15 21 10 7 18 14 17 11 9 21 11 10 18 1 477 85 
38 45 48 26 43 39 49 38 26 34 55 50 42 1 464 60 
9 9 10 8 8 12 7 9 7 11 10 11 5 1 470 69 
17 11 21 19 22 10 10 17 9 11 20 9 11 1 448 9 
15 20 16 20 18 8 16 15 21 10 14 17 19 1 449 41 
15 18 16 15 10 15 18 15 13 13 15 17 15 0  
16 10 10 17 11 18 20 22 10 14 20 12 14 1 457 91 
22 19 18 21 15 26 18 19 32 26 31 32 20 1 476 74 
13 16 14 7 11 18 17 12 7 9 16 16 12 1 466 26 
35 21 19 46 33 29 31 26 22 26 49 47 41 1 492 80 
30 41 27 22 32 28 30 43 35 26 33 36 39 0  
38 43 53 45 54 26 30 46 34 51 50 55 54 1 480 63 
31 23 15 22 30 27 40 29 24 19 37 43 17 1 508 58 
32 43 35 16 21 22 39 18 45 33 27 39 30 1 442 48 
14 20 19 8 16 12 18 19 15 8 9 19 12 1 489 91 
6 5 6 4 7 4 5 7 4 6 7 4 3 1 482 28 
19 16 22 23 18 12 20 14 24 19 18 14 23 1 510 33 
38 35 37 30 43 52 29 39 21 55 34 40 42 1 442 66 
1 0 0 0 0 0 0 0 0 0 0 0 0 1 470 28 
1 0 0 0 0 0 0 0 0 0 0 0 0 1 448 46 
13 7 10 7 8 16 8 7 11 10 9 6 14 0  
18 15 21 14 20 15 26 11 12 14 26 23 22 0  
30 42 39 18 18 28 24 43 22 24 23 17 23 0  
4 4 2 3 3 3 2 5 5 4 5 3 3 0  
6 8 5 5 8 6 6 4 3 6 8 8 5 0  
17 14 18 23 12 14 15 9 11 12 16 11 17 0  
20 13 16 17 22 14 17 21 23 27 27 26 24 0  
11 13 9 8 11 11 11 7 8 14 8 14 8 0  
29 22 32 26 22 40 37 26 20 14 17 37 33 0  
33 21 19 26 40 31 40 42 32 44 29 41 44 0  
2 2 2 1 1 1 2 2 1 2 2 1 2 0  
13 10 8 7 9 17 11 11 18 14 15 18 11 1 508 28 
20 25 12 17 19 14 26 27 17 18 19 13 26 0  
15 14 19 20 21 14 10 16 11 19 13 12 17 0  
25 13 24 20 13 23 13 35 24 25 29 13 30 1 498 90 
31 17 19 19 30 33 23 36 42 27 39 23 23 0  
9 9 5 5 8 4 7 7 12 9 5 9 8 0  
33 34 18 39 36 32 16 44 43 38 20 48 47 0  
23 18 21 22 17 31 19 19 21 26 24 33 22 0  
2 2 2 1 2 1 1 2 2 2 1 2 2 0  
27 14 37 19 21 28 33 16 30 37 36 16 31 1 501 68 
3 3 3 1 2 1 1 1 1 3 2 1 2 1 506 4 
2 1 2 2 2 1 1 1 2 1 2 1 1 0  
19 21 10 10 11 21 10 11 14 17 26 17 11 0  
13 16 15 18 9 11 13 12 15 6 12 17 11 0  
32 39 25 26 40 46 16 26 34 18 45 42 25 0  
21 28 28 20 18 26 18 17 17 20 15 14 11 1 501 68 
31 32 37 28 24 40 15 21 38 22 16 38 42 0  
17 16 16 21 12 23 9 13 13 21 18 12 23 0  
17 23 9 9 15 18 23 17 12 18 22 21 15 0  
37 50 43 50 54 25 53 44 20 36 30 37 22 0  
21 26 26 12 19 24 21 22 28 24 27 26 14 0  
28 25 39 22 24 39 32 41 33 40 24 35 21 0  
22 32 24 24 31 20 15 15 18 29 26 25 24 0  
16 11 13 8 10 19 22 13 20 10 16 9 20 0  
36 49 32 24 47 26 34 21 32 23 43 37 46 1 504 4 
8 11 4 8 4 7 10 11 7 4 5 9 5 1 502 47 
5 6 4 4 6 5 2 5 2 4 2 5 4 1 510 31 
10 11 7 8 9 13 9 5 6 14 11 9 14 0  
37 20 24 53 34 45 35 36 45 22 49 53 38 0  
34 31 23 19 39 35 20 20 35 30 26 31 43 1 498 82 
4 5 2 2 2 3 4 3 5 2 5 5 5 1 508 72 
33 36 41 44 37 18 36 42 16 36 30 47 18 0  
19 18 11 13 16 21 24 21 26 16 23 27 9 1 502 30 
33 17 31 34 28 21 16 19 17 34 39 41 17 0  
17 16 15 17 15 12 15 18 12 20 15 18 10 1 504 28 
17 10 24 10 15 22 8 13 23 9 21 19 8 0  
15 9 12 12 7 8 21 19 17 11 11 8 19 1 509 17 
7 8 5 8 7 5 3 9 3 4 9 8 7 1 506 94 
23 25 11 18 24 13 18 14 29 26 14 30 24 1 497 47 
37 19 33 51 36 48 19 51 21 38 27 50 28 1 505 46 
26 19 14 16 16 18 22 19 14 34 18 34 17 0  
15 8 14 16 8 10 14 20 19 10 8 7 12 1 497 4 
39 37 27 23 23 26 21 53 38 36 30 50 32 1 506 86 
13 6 9 7 11 6 16 18 9 18 15 10 16 1 502 8 
9 12 5 10 12 6 12 7 8 10 12 4 8 0  
16 8 20 22 22 17 20 20 15 22 14 18 23 1 509 79 
10 9 9 12 9 9 6 12 14 12 11 8 13 1 507 86 
30 35 39 32 19 18 43 34 26 29 29 21 31 1 507 27 
14 13 17 20 13 20 17 18 16 13 20 11 14 1 506 84 
35 20 25 46 23 29 32 27 51 34 25 36 22 0  
29 22 36 38 19 17 27 28 39 32 25 24 31 0  
34 31 33 32 28 43 50 24 19 37 37 33 31 0  
12 9 8 11 14 12 9 12 6 7 12 7 10 0  
36 35 51 45 24 34 23 24 25 34 37 28 32 0  
21 11 25 10 26 22 25 17 16 28 28 16 11 0  
24 27 18 34 23 21 19 31 22 33 16 30 24 0  
38 31 19 52 47 40 49 37 44 27 27 55 48 0  
39 36 45 21 22 31 32 21 26 23 48 43 49 0  
28 16 32 15 26 41 30 39 32 18 24 21 31 0  
23 29 21 15 22 31 15 30 17 30 33 20 17 0  
4 2 3 3 2 5 4 3 5 2 2 3 4 0  
22 28 12 31 22 27 18 31 23 13 12 32 13 0  
25 25 18 18 35 26 18 15 13 28 16 15 23 0  
7 4 5 4 3 4 3 7 4 5 4 4 4 0  

taskCount: 512 | processorsCount: 12 | shape: 2 | outDegree: 1 | comCompRatio: 5 | compCostRange: 1 | height: 16
