128 8
35 35 35 35 35 34 35 35 35 1 34 28 
21 20 20 19 21 20 19 19 21 1 97 86 
16 15 15 15 15 15 15 15 15 1 95 47 
5 4 4 4 4 4 4 4 4 1 58 75 
5 4 4 4 4 4 4 4 4 1 115 3 
8 7 7 7 7 7 7 7 7 1 65 22 
38 37 38 37 37 36 37 38 36 1 59 8 
23 22 22 23 23 22 23 23 21 1 65 20 
2 1 1 1 1 1 1 1 1 1 96 79 
4 3 3 3 3 3 3 3 3 1 30 91 
23 22 23 23 21 22 22 23 21 1 103 54 
10 9 9 9 9 9 9 9 9 1 108 77 
25 24 25 23 23 23 23 25 25 1 97 56 
4 3 3 3 3 3 3 3 3 1 29 22 
20 20 19 20 19 19 19 20 19 0  
32 30 31 31 31 31 31 32 31 1 97 61 
23 21 21 23 22 23 21 21 21 1 46 88 
10 9 9 9 9 9 9 9 9 1 40 81 
37 36 36 36 36 36 36 37 35 1 91 40 
34 32 34 34 33 32 34 33 33 1 55 52 
39 38 38 38 37 38 39 38 38 1 89 93 
21 19 21 19 21 20 20 19 21 1 90 69 
33 32 32 32 32 32 31 33 33 1 109 88 
4 3 3 3 3 3 3 3 3 1 45 49 
15 14 14 14 14 14 14 14 14 1 97 49 
23 23 21 21 23 22 22 23 23 1 83 89 
30 30 30 30 30 29 29 28 29 1 52 9 
7 6 6 6 6 6 6 6 6 1 51 21 
6 5 5 5 5 5 5 5 5 1 108 27 
11 10 10 10 10 10 10 10 10 0  
17 16 16 16 16 16 16 16 16 1 60 6 
16 15 15 15 15 15 15 15 15 1 49 71 
14 13 13 13 13 13 13 13 13 0  
23 21 22 21 23 22 23 23 21 1 95 85 
22 22 22 21 21 21 22 21 22 1 123 89 
26 24 24 24 26 25 25 24 26 1 84 80 
26 25 25 25 25 25 25 24 26 1 92 18 
10 9 9 9 9 9 9 9 9 1 105 95 
30 29 30 28 30 30 29 28 29 1 48 19 
5 4 4 4 4 4 4 4 4 1 125 48 
8 7 7 7 7 7 7 7 7 0  
8 7 7 7 7 7 7 7 7 1 85 53 
3 2 2 2 2 2 2 2 2 1 52 84 
28 28 27 28 26 26 26 27 28 1 56 0 
33 32 31 33 32 31 31 31 33 1 108 7 
26 24 25 26 25 24 24 24 25 1 87 32 
8 7 7 7 7 7 7 7 7 1 91 95 
18 17 17 17 17 17 17 17 17 0  
3 2 2 2 2 2 2 2 2 1 122 59 
36 35 34 35 36 34 36 34 34 0  
36 36 36 35 36 35 35 35 34 0  
8 7 7 7 7 7 7 7 7 1 125 0 
17 16 16 16 16 16 16 16 16 1 77 16 
16 15 15 15 15 15 15 15 15 1 62 51 
14 13 13 13 13 13 13 13 13 1 99 62 
13 12 12 12 12 12 12 12 12 1 61 22 
28 28 28 27 27 26 26 28 28 1 68 16 
12 11 11 11 11 11 11 11 11 0  
29 29 27 27 27 28 29 27 28 1 103 52 
22 21 22 20 21 21 21 20 20 0  
17 16 16 16 16 16 16 16 16 1 104 40 
30 30 29 29 28 29 28 29 29 0  
17 16 16 16 16 16 16 16 16 1 126 92 
30 29 28 30 29 30 28 28 30 1 119 33 
26 26 24 24 26 25 25 24 24 1 83 14 
7 6 6 6 6 6 6 6 6 1 113 23 
36 36 35 35 34 36 34 35 35 0  
2 1 1 1 1 1 1 1 1 1 109 41 
21 20 20 21 21 19 20 19 19 1 121 6 
33 32 31 32 31 32 33 32 32 1 101 81 
6 5 5 5 5 5 5 5 5 1 121 20 
12 11 11 11 11 11 11 11 11 0  
20 20 20 20 20 20 19 19 19 1 120 42 
32 30 32 31 32 32 32 30 32 1 91 69 
25 25 23 24 24 23 23 24 24 1 107 2 
31 31 29 30 31 29 31 30 29 1 119 49 
17 16 16 16 16 16 16 16 16 1 104 99 
4 3 3 3 3 3 3 3 3 1 91 91 
11 10 10 10 10 10 10 10 10 1 93 86 
28 26 28 27 27 27 26 27 26 1 84 75 
14 13 13 13 13 13 13 13 13 1 121 79 
12 11 11 11 11 11 11 11 11 1 101 65 
3 2 2 2 2 2 2 2 2 1 98 54 
9 8 8 8 8 8 8 8 8 1 119 20 
15 14 14 14 14 14 14 14 14 1 117 83 
9 8 8 8 8 8 8 8 8 1 124 73 
39 38 39 37 37 38 39 38 39 1 96 85 
37 35 36 36 35 35 36 35 37 1 97 62 
9 8 8 8 8 8 8 8 8 0  
9 8 8 8 8 8 8 8 8 1 118 35 
38 37 37 38 37 36 36 36 38 1 105 77 
13 12 12 12 12 12 12 12 12 1 105 53 
20 20 19 19 20 19 19 19 19 1 110 97 
8 7 7 7 7 7 7 7 7 1 99 58 
28 26 28 28 26 26 27 28 27 1 98 34 
17 16 16 16 16 16 16 16 16 1 109 69 
31 29 29 30 30 30 30 30 29 1 113 17 
13 12 12 12 12 12 12 12 12 0  
1 0 0 0 0 0 0 0 0 1 109 20 
26 26 24 25 24 24 24 24 24 1 116 28 
30 28 29 28 30 29 28 28 29 0  
6 5 5 5 5 5 5 5 5 1 125 25 
36 35 36 34 36 35 35 36 36 0  
10 9 9 9 9 9 9 9 9 1 117 32 
30 29 29 28 30 28 30 30 28 0  
23 21 22 22 21 23 22 23 21 1 115 41 
28 28 27 26 27 27 27 26 27 1 108 26 
25 25 23 23 24 25 25 24 25 1 118 93 
30 28 29 28 30 29 28 29 30 1 125 42 
22 21 21 22 20 22 20 20 22 1 124 17 
35 35 33 34 35 35 34 34 33 0  
24 24 22 24 24 24 23 24 23 1 126 48 
1 0 0 0 0 0 0 0 0 0  
1 0 0 0 0 0 0 0 0 1 121 63 
7 6 6 6 6 6 6 6 6 0  
5 4 4 4 4 4 4 4 4 1 118 42 
26 26 26 26 25 24 24 25 26 1 125 79 
7 6 6 6 6 6 6 6 6 1 119 10 
14 13 13 13 13 13 13 13 13 0  
17 16 16 16 16 16 16 16 16 0  
7 6 6 6 6 6 6 6 6 0  
38 38 37 37 38 37 36 36 38 0  
32 31 32 32 30 31 30 30 31 0  
12 11 11 11 11 11 11 11 11 0  
35 35 35 35 34 33 35 33 33 0  
32 32 30 31 32 30 31 32 30 0  
32 31 32 32 32 31 30 30 32 1 127 70 
11 10 10 10 10 10 10 10 10 0  

taskCount: 128 | processorsCount: 8 | shape: 1 | outDegree: 1 | comCompRatio: 1 | compCostRange: 0,1 | height: 16
