64 4
29 32 25 34 25 1 44 90 
39 38 41 45 32 1 35 90 
37 42 44 32 36 1 56 39 
26 22 27 28 19 0  
21 25 20 23 17 2 52 97 48 60 
37 38 40 37 44 2 41 30 30 22 
36 37 29 27 42 2 34 73 55 62 
30 25 33 31 23 2 31 79 49 2 
7 5 6 6 5 2 42 41 58 11 
35 34 30 26 30 2 26 53 29 47 
4 4 4 3 4 2 43 7 41 60 
24 22 28 20 28 2 27 41 20 8 
0 0 0 0 0 2 54 26 32 42 
12 13 14 10 13 1 29 27 
18 19 14 17 20 2 47 30 58 3 
25 25 19 27 22 2 59 16 20 80 
1 0 0 0 0 1 45 29 
26 21 30 31 21 2 40 67 29 38 
7 6 5 5 6 1 47 50 
28 22 33 29 29 0  
10 9 9 7 8 1 45 31 
21 15 20 20 19 2 56 24 54 70 
3 2 2 2 2 0  
32 25 24 28 30 1 47 58 
29 32 24 23 34 0  
19 14 16 21 19 0  
34 40 39 29 25 2 43 93 59 1 
9 10 9 7 6 2 58 68 45 47 
29 30 26 23 33 1 57 85 
12 12 9 9 9 1 44 60 
37 44 32 39 43 1 47 66 
1 0 0 0 0 1 45 28 
14 12 15 16 10 0  
10 8 7 9 9 1 58 22 
5 5 4 3 5 1 46 45 
15 13 14 11 11 1 46 61 
19 17 18 19 14 2 44 11 60 97 
6 5 6 4 4 1 41 39 
36 34 37 38 37 2 48 11 41 75 
20 23 20 22 24 1 52 10 
5 4 3 4 4 2 46 38 51 20 
35 27 42 28 36 0  
17 13 18 12 17 0  
18 19 21 15 17 0  
10 8 11 7 10 0  
14 16 15 12 12 0  
15 17 13 12 12 0  
5 3 3 4 3 0  
5 3 4 4 5 0  
2 1 1 1 1 0  
17 17 19 17 15 0  
20 21 16 15 20 0  
16 12 19 12 15 0  
8 9 6 9 9 0  
19 16 14 22 22 0  
8 7 7 8 9 0  
35 34 36 33 37 0  
4 4 3 4 4 0  
37 45 42 44 36 0  
2 1 1 1 1 0  
2 1 1 1 1 0  
27 20 32 30 32 0  
1 0 0 0 0 0  
35 31 38 38 37 0  

taskCount: 64 | processorsCount: 4 | shape: 2 | outDegree: 2 | comCompRatio: 10 | compCostRange: 0,5 | height: 3
