64 4
5 6 6 2 6 1 30 74 
0 0 0 0 0 2 53 63 63 57 
34 47 18 42 38 2 40 37 43 42 
29 38 25 26 26 2 37 17 35 73 
7 6 9 7 7 1 55 31 
39 31 30 40 36 2 56 80 35 71 
24 32 30 26 14 2 41 27 62 9 
1 0 0 0 0 1 16 69 
23 21 22 28 27 2 36 81 53 72 
32 28 30 22 37 2 54 15 15 12 
38 55 33 35 23 2 63 55 60 12 
1 0 0 0 0 2 32 74 31 5 
39 50 50 55 39 1 62 53 
20 27 23 29 14 2 54 43 60 53 
19 22 13 15 16 0  
1 0 0 0 0 2 37 93 48 80 
6 5 8 8 6 2 53 95 40 88 
33 16 33 21 33 0  
22 25 11 17 29 0  
31 36 29 39 25 0  
18 21 24 25 25 1 40 5 
12 13 10 6 6 2 60 50 31 63 
5 2 2 5 2 1 52 99 
20 10 25 24 18 2 52 30 39 51 
18 13 18 23 18 2 34 57 49 27 
18 14 12 24 24 2 44 61 34 60 
21 18 10 14 17 2 31 28 56 80 
1 0 0 0 0 2 47 89 54 44 
1 0 0 0 0 2 51 42 32 18 
19 21 23 13 11 1 39 60 
36 33 20 44 36 2 55 23 36 70 
36 50 20 47 34 2 61 99 46 75 
7 3 4 3 3 2 55 25 53 20 
2 1 2 1 2 1 46 96 
27 32 13 37 22 1 50 16 
20 20 25 12 26 2 45 2 54 75 
28 21 24 27 29 2 60 54 49 21 
39 54 20 45 54 2 44 99 56 98 
0 0 0 0 0 2 46 32 48 33 
2 2 1 1 2 1 59 89 
36 18 41 52 52 1 54 22 
0 0 0 0 0 2 58 35 53 54 
12 8 13 15 12 2 55 8 47 48 
13 15 6 10 17 2 56 17 54 96 
31 33 32 35 35 2 59 18 61 91 
19 24 23 27 17 1 60 51 
15 20 7 12 21 0  
11 11 8 13 5 1 59 67 
32 16 23 23 34 0  
33 18 30 48 38 0  
1 0 0 0 0 1 63 62 
32 31 41 21 32 0  
28 21 14 31 14 1 61 14 
22 25 22 16 15 2 61 82 62 11 
13 15 18 9 11 2 58 13 59 84 
32 37 32 39 34 1 62 72 
35 38 35 50 42 2 58 99 60 31 
13 9 9 16 6 2 60 82 63 12 
10 13 13 14 12 0  
29 26 24 31 23 0  
17 16 18 9 16 0  
23 14 28 26 17 0  
0 0 0 0 0 0  
4 3 3 5 4 0  

taskCount: 64 | processorsCount: 4 | shape: 2 | outDegree: 2 | comCompRatio: 10 | compCostRange: 1 | height: 6
