128 16
20 23 17 21 24 17 21 21 19 15 21 15 24 19 17 24 23 0  
12 13 12 9 11 14 14 10 14 14 14 12 9 11 10 14 9 1 65 35 
3 2 2 2 2 2 2 2 2 2 2 2 2 2 2 2 2 2 21 60 43 27 
33 37 30 34 25 32 33 34 39 33 39 37 35 32 28 35 31 2 15 83 25 20 
35 35 36 37 28 38 29 28 27 42 37 26 42 38 30 41 31 0  
11 12 12 8 11 9 8 10 11 9 8 9 8 9 10 8 10 2 15 87 24 95 
26 20 27 20 25 25 20 23 25 23 20 22 28 31 21 22 24 1 66 50 
36 29 28 43 36 29 36 27 28 34 43 30 35 37 28 39 41 0  
32 39 39 28 39 28 39 32 34 37 29 33 27 27 34 28 39 1 47 62 
28 25 34 21 34 24 31 32 22 29 23 33 22 23 25 28 34 1 67 3 
14 14 13 14 15 11 16 14 15 13 11 15 15 14 13 15 11 1 36 84 
37 31 40 33 33 43 37 30 45 44 42 32 43 44 32 43 41 2 29 4 24 22 
26 30 29 29 20 19 27 19 26 27 21 23 25 29 28 30 21 1 19 40 
36 28 40 42 31 32 30 32 36 30 40 32 33 34 27 32 31 2 22 68 56 55 
15 15 13 13 17 14 12 14 13 14 15 17 17 12 12 15 17 0  
0 0 0 0 0 0 0 0 0 0 0 0 0 0 0 0 0 0  
10 8 8 9 7 10 11 8 9 7 9 11 8 10 7 7 8 1 33 85 
34 28 37 28 33 40 31 35 34 27 38 25 31 40 37 38 26 0  
39 45 35 33 33 47 45 39 38 47 47 46 29 40 37 47 45 1 48 23 
35 31 31 30 39 33 37 39 37 27 36 31 41 41 32 35 39 0  
7 7 5 5 7 6 6 6 7 6 6 7 6 5 5 5 7 0  
1 0 0 0 0 0 0 0 0 0 0 0 0 0 0 0 0 1 51 44 
18 16 16 18 15 15 20 15 17 13 21 16 19 19 20 13 16 1 44 52 
8 7 6 6 6 7 8 7 9 9 8 9 9 8 9 8 7 1 66 51 
17 19 13 17 12 15 16 15 19 15 16 12 18 18 12 15 17 2 44 5 55 95 
39 47 38 36 33 41 37 40 39 42 45 41 43 45 38 42 45 1 55 21 
4 3 4 4 3 4 3 3 4 3 4 4 3 4 4 3 3 1 32 3 
35 42 32 39 37 36 31 30 38 42 28 35 36 34 26 33 42 1 33 46 
29 24 22 31 23 26 31 30 27 27 26 33 30 21 28 24 27 1 37 83 
32 30 31 24 27 31 36 30 27 34 27 37 35 38 38 36 24 1 63 99 
16 15 19 19 13 18 19 14 13 14 12 13 12 12 15 17 19 0  
35 36 38 42 37 39 32 40 42 42 38 34 33 37 36 27 35 2 65 53 66 0 
17 16 17 19 14 16 20 20 16 17 15 18 13 12 15 14 12 2 48 12 40 78 
11 12 8 10 10 12 12 10 12 9 11 8 11 10 10 12 9 0  
11 9 9 9 12 12 11 8 9 12 8 9 10 8 10 9 11 0  
12 12 12 12 14 12 14 13 12 9 10 14 13 10 14 11 14 1 53 61 
5 3 4 5 5 3 3 5 5 5 4 4 3 4 4 4 5 1 62 41 
7 7 7 7 5 7 5 5 6 5 6 7 7 6 5 6 7 1 39 63 
31 26 30 37 28 31 35 34 24 26 27 24 31 25 26 27 28 0  
13 9 9 15 9 13 11 15 15 11 15 10 14 13 11 13 10 1 55 20 
3 2 2 2 2 2 2 2 2 2 2 2 2 2 2 2 2 0  
39 46 40 45 30 33 38 47 42 37 29 41 34 33 32 36 38 0  
20 24 24 22 21 22 22 17 22 15 18 19 24 21 24 20 19 1 57 40 
36 37 41 42 32 43 43 27 44 38 30 34 42 36 39 36 27 0  
1 0 0 0 0 0 0 0 0 0 0 0 0 0 0 0 0 1 45 88 
36 31 32 34 39 31 30 41 38 35 36 27 30 35 42 39 37 0  
15 13 17 11 11 13 17 13 12 14 12 11 14 15 17 14 12 2 55 43 59 0 
5 3 3 5 3 5 4 5 4 4 3 5 5 3 3 5 4 1 65 71 
10 11 8 11 11 10 8 8 10 10 11 11 7 11 8 8 7 0  
6 6 5 4 6 6 5 4 6 6 5 4 6 6 6 4 6 0  
0 0 0 0 0 0 0 0 0 0 0 0 0 0 0 0 0 0  
10 7 7 8 10 10 8 10 8 11 10 11 11 10 10 9 7 0  
4 4 3 4 4 3 3 3 4 3 4 3 3 4 4 3 3 0  
17 12 14 15 15 20 19 15 16 15 12 14 19 13 13 18 16 1 57 10 
16 13 12 14 17 18 17 18 18 13 18 17 13 12 14 13 18 0  
19 22 16 14 14 17 20 14 17 17 16 17 21 22 16 20 15 0  
34 41 35 30 27 31 25 34 40 32 30 32 36 37 29 34 26 0  
35 38 37 29 30 39 28 31 35 38 42 34 33 36 39 34 40 0  
16 13 14 15 13 15 19 18 13 16 18 18 12 16 12 12 14 0  
36 40 27 33 31 33 34 29 36 44 39 27 39 36 35 30 44 0  
6 5 4 6 4 4 4 4 4 6 5 5 4 5 6 5 4 0  
30 25 35 35 32 30 35 24 33 29 34 30 32 29 36 36 32 0  
7 5 6 7 7 5 5 6 6 7 5 6 7 5 5 5 7 0  
39 31 39 29 40 34 41 41 39 45 37 31 47 38 39 44 45 0  
11 10 8 10 8 9 11 9 9 12 10 8 9 10 11 8 12 0  
19 18 19 22 16 21 20 14 20 17 21 22 16 18 20 16 21 0  
19 22 17 18 18 15 22 14 14 22 17 20 18 15 18 15 20 0  
15 12 11 13 12 15 13 12 11 14 14 17 15 13 16 14 12 0  
24 28 27 23 21 28 25 26 19 19 23 21 28 25 24 28 23 0  
2 1 1 1 1 1 1 1 1 1 1 1 1 1 1 1 1 0  
34 40 40 29 28 40 39 33 36 38 33 30 25 39 37 37 38 0  
2 1 1 1 1 1 1 1 1 1 1 1 1 1 1 1 1 0  
2 1 1 1 1 1 1 1 1 1 1 1 1 1 1 1 1 0  
26 30 31 29 29 30 22 23 30 30 31 27 20 30 26 19 22 0  
32 31 24 39 34 32 31 25 26 29 31 37 35 29 30 35 27 0  
7 5 6 7 6 6 6 5 6 7 5 7 7 7 6 5 6 0  
21 15 24 17 25 17 15 20 19 22 16 21 15 24 18 20 21 0  
21 23 23 22 18 20 22 18 17 19 23 18 20 21 19 16 22 0  
6 4 5 5 4 5 5 5 6 6 5 4 4 6 6 4 5 0  
21 17 15 15 24 24 19 19 24 24 17 22 25 23 21 25 17 0  
23 27 25 19 17 21 19 21 26 25 22 25 21 27 18 25 17 0  
39 35 40 47 35 33 44 37 35 31 33 41 41 36 36 30 39 0  
24 29 28 19 25 24 28 18 27 20 22 28 25 27 22 21 19 0  
22 17 23 24 20 24 16 25 24 24 21 17 25 17 22 22 22 0  
32 36 29 34 27 31 28 30 25 25 31 27 39 32 24 33 32 0  
5 3 4 3 3 5 3 3 5 4 4 4 4 5 3 4 3 0  
30 26 22 23 36 36 35 29 36 29 23 22 28 25 24 24 31 0  
0 0 0 0 0 0 0 0 0 0 0 0 0 0 0 0 0 0  
34 40 26 27 34 26 41 36 25 41 38 38 35 31 34 35 28 0  
32 29 32 24 29 38 39 38 34 35 34 34 35 30 34 28 34 0  
17 15 16 15 16 19 17 14 12 15 20 15 19 13 16 20 16 0  
10 8 11 8 9 11 9 9 11 10 11 11 10 8 9 8 8 0  
31 29 33 24 26 33 37 27 29 28 30 31 23 36 32 33 32 0  
35 29 32 37 38 36 30 37 34 40 34 34 36 30 29 41 30 0  
6 4 4 6 4 6 4 4 4 4 6 5 4 5 4 6 5 0  
12 9 10 14 10 11 12 10 9 9 10 14 10 9 14 14 11 0  
32 37 31 34 34 37 29 30 28 31 34 30 35 32 29 26 35 0  
20 21 15 19 15 19 19 15 22 17 21 21 22 21 16 21 21 0  
24 27 19 29 24 18 19 20 25 22 29 18 29 22 20 27 18 0  
22 16 21 20 25 22 19 16 16 23 17 19 23 22 20 17 16 0  
16 17 12 12 16 18 16 16 12 13 17 14 13 14 15 16 12 0  
0 0 0 0 0 0 0 0 0 0 0 0 0 0 0 0 0 0  
20 15 16 17 24 16 16 16 24 22 20 17 18 19 23 16 16 0  
7 5 7 7 5 5 6 6 5 6 6 5 5 6 6 5 7 0  
12 9 12 13 14 13 13 10 11 14 12 13 11 11 13 11 14 0  
38 40 36 30 28 42 34 42 34 36 31 34 30 34 30 37 41 0  
8 9 9 8 9 7 8 8 7 7 6 7 9 9 9 7 6 0  
18 17 20 17 16 15 18 20 21 20 13 16 21 13 19 17 14 0  
25 22 24 27 26 25 21 25 24 21 28 28 27 25 24 24 27 0  
8 8 6 6 8 7 8 9 6 6 6 7 8 7 8 6 9 0  
38 39 29 31 33 46 41 34 38 44 28 32 37 44 46 39 41 0  
12 13 11 12 11 9 13 14 12 11 11 11 12 10 13 12 14 0  
28 27 26 29 25 30 23 25 28 24 23 22 29 33 24 22 24 0  
34 28 37 38 33 29 27 35 39 40 41 29 33 26 25 25 41 0  
12 12 13 12 9 10 14 14 10 10 14 12 12 10 14 13 12 0  
7 5 5 6 6 5 7 6 5 6 7 7 7 6 7 5 5 0  
5 3 4 3 4 5 5 4 3 4 3 4 4 4 3 3 3 0  
24 19 21 19 26 27 23 29 25 21 19 29 23 27 20 25 20 0  
7 7 5 6 5 5 6 7 6 5 6 5 5 5 7 6 5 0  
5 5 3 5 4 3 3 3 3 3 3 4 3 4 5 3 4 0  
28 21 25 27 31 27 29 26 27 32 31 31 22 34 33 31 27 0  
18 15 14 13 20 20 21 19 16 16 13 21 14 20 18 21 19 0  
20 20 18 19 18 21 18 23 21 16 24 17 22 16 16 23 19 0  
32 27 25 35 38 33 28 33 28 38 30 24 27 27 33 34 29 0  
25 22 30 27 26 26 27 28 24 18 26 27 24 26 29 29 24 0  
23 25 25 23 23 17 22 19 20 17 18 17 21 19 27 24 24 0  
11 9 11 11 10 12 8 10 12 11 10 11 12 12 8 11 9 0  
7 7 6 5 7 6 6 7 7 7 5 5 7 6 7 6 5 0  

taskCount: 128 | processorsCount: 16 | shape: 1 | outDegree: 2 | comCompRatio: 0,1 | compCostRange: 0,5 | height: 7
