32 20
27 26 26 25 25 27 27 26 25 27 27 26 26 26 26 26 27 26 25 27 26 3 9 95 14 92 15 5 
19 18 18 18 18 18 18 18 18 18 18 18 18 18 18 18 18 18 18 18 18 2 10 83 17 2 
22 21 21 22 22 20 20 21 22 21 22 20 21 21 21 20 20 21 22 21 22 2 5 76 15 73 
8 7 7 7 7 7 7 7 7 7 7 7 7 7 7 7 7 7 7 7 7 1 16 41 
14 13 13 13 13 13 13 13 13 13 13 13 13 13 13 13 13 13 13 13 13 1 18 41 
29 29 29 28 27 29 28 27 28 27 29 27 29 27 27 28 29 27 29 27 28 3 10 9 13 41 12 73 
9 8 8 8 8 8 8 8 8 8 8 8 8 8 8 8 8 8 8 8 8 2 17 50 12 24 
4 3 3 3 3 3 3 3 3 3 3 3 3 3 3 3 3 3 3 3 3 1 15 55 
12 11 11 11 11 11 11 11 11 11 11 11 11 11 11 11 11 11 11 11 11 4 19 94 15 34 16 36 10 41 
26 24 25 25 26 25 26 24 24 26 26 24 24 25 24 26 24 25 26 26 26 1 12 39 
39 37 38 37 37 38 38 38 39 39 39 37 39 37 38 39 37 39 38 39 38 2 12 7 14 43 
28 26 27 26 27 28 27 27 27 27 27 26 26 26 26 28 28 28 27 28 27 1 19 66 
14 13 13 13 13 13 13 13 13 13 13 13 13 13 13 13 13 13 13 13 13 0  
2 1 1 1 1 1 1 1 1 1 1 1 1 1 1 1 1 1 1 1 1 0  
37 37 37 36 37 35 36 37 36 35 36 37 37 36 35 36 37 35 35 36 36 2 18 63 19 20 
13 12 12 12 12 12 12 12 12 12 12 12 12 12 12 12 12 12 12 12 12 0  
36 35 35 34 35 36 35 36 34 36 35 34 35 35 34 35 34 35 35 36 35 2 17 72 19 46 
36 36 34 36 35 35 36 35 36 36 34 34 36 35 36 34 35 35 34 35 35 0  
12 11 11 11 11 11 11 11 11 11 11 11 11 11 11 11 11 11 11 11 11 0  
2 1 1 1 1 1 1 1 1 1 1 1 1 1 1 1 1 1 1 1 1 0  
14 13 13 13 13 13 13 13 13 13 13 13 13 13 13 13 13 13 13 13 13 0  
29 29 27 29 27 29 29 28 27 28 28 29 27 28 27 27 27 29 28 28 28 0  
20 20 20 19 19 19 19 19 19 19 20 20 20 20 19 19 19 20 20 19 19 0  
9 8 8 8 8 8 8 8 8 8 8 8 8 8 8 8 8 8 8 8 8 0  
21 21 21 21 19 20 19 21 19 19 21 19 20 21 21 20 21 19 19 19 19 0  
2 1 1 1 1 1 1 1 1 1 1 1 1 1 1 1 1 1 1 1 1 0  
34 32 33 34 34 33 32 32 34 32 34 33 33 33 34 34 34 33 33 32 32 0  
39 38 37 38 37 38 37 37 37 37 38 39 38 39 38 38 38 38 39 39 39 0  
5 4 4 4 4 4 4 4 4 4 4 4 4 4 4 4 4 4 4 4 4 0  
3 2 2 2 2 2 2 2 2 2 2 2 2 2 2 2 2 2 2 2 2 0  
27 25 25 26 27 25 26 25 27 26 26 26 26 26 27 27 26 27 26 26 25 0  
24 22 24 22 23 22 23 24 22 22 22 24 23 22 23 23 23 23 24 23 22 0  

taskCount: 32 | processorsCount: 20 | shape: 0,5 | outDegree: 4 | comCompRatio: 10 | compCostRange: 0,1 | height: 6
