512 16
38 37 35 46 40 44 34 46 28 41 28 32 43 29 29 45 30 3 327 44 342 32 343 74 
20 20 16 21 21 15 23 24 22 23 16 24 21 17 24 17 19 2 64 79 318 90 
34 40 26 27 34 27 29 25 26 35 33 34 27 30 34 28 27 4 293 68 251 19 14 95 308 7 
5 3 3 5 5 5 5 3 4 3 5 5 4 4 3 3 3 4 213 15 222 84 31 47 164 39 
31 25 31 29 35 23 35 29 37 29 33 37 23 33 29 28 30 5 177 2 81 27 241 36 79 32 193 32 
28 34 23 31 28 25 33 32 21 21 32 29 28 23 31 24 32 3 353 77 252 94 82 48 
5 5 3 3 3 3 5 3 4 3 4 3 3 4 3 4 3 1 95 60 
7 5 5 6 7 6 6 5 7 5 5 5 7 6 7 6 7 4 226 8 173 76 169 78 72 9 
2 1 1 1 1 1 1 1 1 1 1 1 1 1 1 1 1 2 250 82 169 85 
24 19 21 27 22 28 18 18 19 20 28 28 24 28 29 19 26 3 304 22 230 76 311 27 
22 21 17 19 16 26 16 24 22 16 25 17 18 23 21 25 18 5 297 89 209 12 51 61 20 95 149 74 
39 44 47 33 33 32 36 33 47 33 46 33 35 37 36 30 29 4 209 57 212 76 303 21 75 50 
18 15 21 16 17 20 20 19 15 21 21 14 19 17 16 14 20 2 200 40 59 43 
23 26 27 23 18 18 19 18 23 25 23 26 22 26 19 27 19 4 163 44 248 13 204 93 245 49 
27 20 25 25 24 31 21 21 27 26 21 27 20 28 27 22 31 3 67 24 35 81 217 46 
32 36 34 35 25 35 30 34 28 24 37 27 39 26 29 31 39 2 354 6 251 22 
34 34 25 40 38 36 26 34 28 25 36 36 32 39 32 40 39 3 251 36 222 79 225 49 
26 20 27 22 21 26 21 30 27 27 25 20 27 26 26 28 26 3 287 32 95 51 302 45 
1 0 0 0 0 0 0 0 0 0 0 0 0 0 0 0 0 4 172 91 103 22 267 67 222 64 
5 4 5 3 3 4 3 5 5 3 3 4 4 5 4 5 3 3 60 1 35 67 278 35 
21 19 23 21 17 16 23 24 20 15 19 24 20 17 18 22 22 3 347 86 303 23 77 40 
28 22 29 21 22 28 34 25 32 23 22 32 29 34 25 30 28 3 271 84 68 40 75 89 
25 26 22 19 23 20 19 30 30 18 18 29 21 20 27 21 28 5 205 48 211 24 234 7 196 59 89 38 
3 2 2 2 2 2 2 2 2 2 2 2 2 2 2 2 2 4 153 28 181 51 263 72 205 95 
16 15 13 14 19 19 14 14 19 17 17 13 13 18 17 18 17 4 348 40 135 61 80 55 153 30 
28 34 25 24 27 21 31 32 31 24 26 24 23 25 32 24 29 5 77 24 69 41 190 4 328 13 299 3 
2 1 1 1 1 1 1 1 1 1 1 1 1 1 1 1 1 4 225 44 199 66 96 57 346 5 
11 11 10 11 9 11 9 8 9 9 11 11 10 10 10 12 10 4 149 57 94 15 131 98 320 24 
4 4 4 4 3 4 3 4 3 4 4 4 4 3 3 3 4 4 138 77 231 41 247 85 242 58 
18 20 20 16 16 20 17 20 15 21 13 15 15 20 13 21 21 5 350 88 322 73 218 57 30 60 171 6 
28 30 26 25 33 30 22 33 22 34 28 34 21 29 33 27 29 2 254 17 258 59 
4 4 3 4 4 3 4 3 3 4 3 4 4 3 4 3 4 2 113 18 177 10 
39 31 34 34 34 41 37 33 29 30 36 36 31 38 30 47 45 2 124 60 142 22 
9 7 9 7 10 8 10 8 10 8 10 7 9 6 7 10 8 5 63 70 331 44 224 90 81 8 143 69 
20 23 20 21 22 20 15 19 19 23 24 16 21 18 18 16 18 5 201 58 110 60 194 84 181 36 87 26 
27 31 32 29 30 29 31 23 27 23 20 29 23 24 23 23 21 5 263 54 47 46 176 81 136 25 233 20 
36 29 40 36 39 35 27 41 37 38 29 31 28 32 44 38 33 1 262 82 
35 38 39 29 35 37 42 38 40 29 34 30 40 33 34 31 36 4 206 5 118 38 73 50 92 53 
21 15 23 16 18 18 19 24 19 23 15 23 21 18 15 19 20 2 209 44 189 30 
26 28 31 24 19 31 23 27 19 21 21 29 28 22 22 31 27 5 310 7 155 88 128 43 54 70 345 68 
19 21 17 17 17 20 17 19 18 14 20 15 19 19 18 17 22 4 256 73 87 2 174 19 103 65 
14 15 15 16 13 15 13 16 10 11 15 11 11 15 12 15 13 4 307 26 93 31 126 0 91 16 
17 16 14 18 15 20 19 15 13 16 16 19 16 13 16 17 12 3 241 42 110 77 85 12 
6 5 6 4 5 4 5 4 5 4 4 5 5 5 6 6 5 3 302 17 153 18 239 10 
21 18 17 18 20 19 16 23 16 17 21 15 20 18 16 19 18 3 241 9 69 98 245 87 
1 0 0 0 0 0 0 0 0 0 0 0 0 0 0 0 0 4 210 29 318 0 168 55 173 33 
13 10 10 12 15 9 11 10 13 10 13 12 14 11 11 15 12 4 80 58 342 83 180 70 255 73 
21 20 18 17 25 22 22 20 20 16 24 17 18 25 20 20 17 2 326 2 214 29 
33 28 36 32 30 38 38 33 24 32 37 31 38 33 39 28 26 2 113 80 286 25 
9 7 6 9 7 8 6 7 7 8 9 9 8 8 6 8 10 4 192 81 253 6 251 11 69 21 
8 8 6 7 7 9 6 9 8 6 9 8 6 8 8 7 7 4 348 42 351 80 230 66 162 54 
19 16 22 14 18 17 19 20 22 22 22 21 22 18 19 15 17 5 196 86 325 78 229 19 255 63 98 74 
27 29 20 32 22 22 31 25 21 21 30 32 22 32 24 31 26 3 220 77 110 63 260 76 
15 16 14 11 11 13 16 16 15 17 14 16 17 16 17 15 17 3 196 50 181 19 132 92 
18 14 14 18 20 19 19 17 16 15 20 15 21 21 19 21 19 3 300 43 290 47 331 21 
10 11 10 10 8 8 11 9 7 9 11 9 7 9 9 9 10 4 292 38 108 96 333 42 222 23 
35 30 31 26 36 41 32 33 37 30 38 39 26 39 40 36 40 4 220 14 192 86 268 80 193 19 
31 33 27 32 30 31 25 28 30 25 33 32 23 30 23 34 23 0  
28 24 23 32 28 23 21 34 27 32 30 27 23 31 27 25 22 2 187 69 285 6 
2 1 1 1 1 1 1 1 1 1 1 1 1 1 1 1 1 4 246 63 157 85 108 96 346 4 
25 24 26 25 20 23 18 25 22 26 25 24 26 30 29 18 27 4 263 69 323 79 344 38 163 83 
34 34 34 35 25 35 37 34 40 26 40 25 36 33 25 30 38 3 93 21 317 95 307 43 
2 1 1 1 1 1 1 1 1 1 1 1 1 1 1 1 1 5 244 61 130 35 312 95 99 39 332 23 
23 26 25 24 18 25 24 20 21 21 27 21 21 21 19 18 21 2 288 86 125 30 
35 33 29 29 28 33 38 28 35 28 28 41 26 29 36 42 37 4 141 82 346 68 350 15 252 34 
17 13 14 18 19 19 13 15 18 20 13 12 15 14 12 13 15 3 102 95 255 25 308 98 
0 0 0 0 0 0 0 0 0 0 0 0 0 0 0 0 0 3 264 17 216 31 154 58 
9 7 10 9 6 10 7 8 9 8 8 7 6 9 7 6 6 2 322 43 321 11 
3 2 2 2 2 2 2 2 2 2 2 2 2 2 2 2 2 3 81 26 170 19 92 70 
39 35 30 34 41 44 45 30 43 41 30 29 37 35 44 47 44 3 247 73 182 60 155 26 
35 33 38 35 35 31 40 36 32 37 39 29 32 33 28 32 42 5 208 97 321 80 307 91 252 57 160 71 
38 40 34 37 43 30 32 35 30 33 28 42 39 45 39 41 37 4 345 5 162 74 201 74 209 40 
4 3 3 4 3 4 4 4 4 4 4 4 3 3 4 3 4 4 104 60 97 31 161 43 220 31 
15 12 11 17 12 15 15 14 15 11 11 14 17 13 13 12 14 5 145 32 320 42 131 91 211 56 137 17 
25 23 18 25 21 20 22 19 26 23 23 29 29 24 26 25 22 3 143 36 91 74 219 10 
7 7 6 6 6 6 6 7 6 5 6 6 7 5 5 7 7 3 100 55 188 59 210 25 
11 9 9 9 12 12 8 10 11 9 12 12 9 10 12 9 12 3 109 26 148 43 111 92 
18 14 18 21 16 14 16 13 21 14 19 13 21 20 19 13 15 3 135 66 352 32 297 45 
22 24 26 23 21 16 19 18 19 16 22 17 22 26 16 17 24 2 141 67 322 48 
14 13 16 11 10 13 16 16 12 14 13 13 12 13 10 12 14 1 217 67 
14 11 14 16 11 13 16 10 11 14 11 15 11 13 12 11 11 4 343 76 101 0 187 94 267 51 
21 18 18 16 17 16 18 23 15 16 25 15 22 19 17 23 19 2 265 15 315 71 
17 15 18 14 18 18 20 17 15 17 12 13 13 16 16 14 20 4 326 40 346 95 237 15 264 63 
35 29 34 37 41 35 36 42 33 32 33 40 39 39 26 40 40 3 219 27 120 28 283 0 
10 10 11 9 10 7 10 10 8 9 10 10 11 10 9 8 8 4 209 32 250 18 305 9 124 12 
9 10 8 9 9 9 8 7 8 6 7 9 8 8 10 10 7 3 276 10 103 20 275 10 
16 16 13 14 16 14 15 19 17 13 17 17 19 15 18 14 13 5 202 23 337 55 215 54 235 49 165 62 
24 19 18 18 28 18 25 18 29 25 20 27 29 29 23 22 18 4 223 47 281 65 218 97 290 32 
30 27 23 35 28 27 27 35 36 33 36 32 33 25 36 29 33 1 104 11 
10 8 10 8 10 11 11 9 8 9 9 7 9 11 10 7 11 3 143 10 273 76 139 58 
32 28 30 29 39 39 25 36 30 30 25 32 24 38 39 31 27 2 234 84 244 76 
5 4 3 5 4 3 3 3 3 3 4 5 3 3 4 5 4 4 354 65 335 87 173 65 311 39 
6 4 5 4 4 4 5 5 4 5 6 5 6 4 6 6 4 4 206 10 288 68 171 0 139 23 
19 21 22 19 14 16 22 18 18 22 21 18 21 15 14 22 17 3 244 24 127 59 179 2 
1 0 0 0 0 0 0 0 0 0 0 0 0 0 0 0 0 1 116 89 
25 23 24 24 30 24 19 27 18 19 21 18 19 23 22 27 18 3 174 26 122 10 273 92 
11 10 11 12 8 9 10 10 10 9 12 12 10 9 11 12 10 5 118 38 133 6 220 67 204 46 282 52 
33 37 39 36 28 38 35 25 27 26 32 25 30 40 30 31 34 2 353 98 230 40 
11 12 9 12 9 11 8 12 9 12 12 9 10 10 9 8 12 2 281 2 123 73 
3 2 2 2 2 2 2 2 2 2 2 2 2 2 2 2 2 2 306 19 222 68 
0 0 0 0 0 0 0 0 0 0 0 0 0 0 0 0 0 1 238 52 
4 4 4 4 3 3 3 4 4 3 3 3 3 3 4 3 3 4 197 87 117 86 246 0 179 88 
17 15 18 15 12 12 19 12 13 14 16 20 12 16 17 20 16 3 158 54 310 32 326 1 
33 35 29 37 40 31 28 32 29 36 39 31 40 35 39 33 25 1 315 83 
13 10 13 14 10 13 14 11 13 9 14 14 12 9 11 15 11 4 306 69 295 50 280 14 266 97 
9 8 10 8 8 6 7 6 6 8 7 8 10 8 7 10 7 3 206 31 296 76 247 11 
15 16 12 16 15 11 11 17 17 11 14 16 14 14 13 16 17 2 118 27 157 48 
12 11 11 13 9 13 14 13 13 13 11 12 9 11 9 10 9 2 257 66 223 86 
29 32 21 24 24 22 30 25 35 32 30 28 31 35 32 26 30 3 348 54 269 93 297 57 
11 8 11 11 10 8 12 12 10 8 8 11 12 10 8 10 11 3 197 51 121 3 130 71 
38 33 39 29 36 44 36 33 34 36 41 42 38 32 28 44 28 5 133 39 341 85 138 60 171 81 342 20 
16 13 17 18 17 17 14 18 18 19 15 12 14 15 17 19 16 2 349 24 277 87 
8 8 8 9 7 7 7 6 6 9 6 7 6 9 6 8 7 2 228 6 317 24 
13 15 10 10 10 12 13 13 11 13 13 12 10 13 11 13 11 3 253 30 312 67 252 38 
27 26 25 21 25 28 22 26 27 30 25 32 25 32 20 26 30 4 237 29 324 58 312 16 239 90 
3 2 2 2 2 2 2 2 2 2 2 2 2 2 2 2 2 5 161 93 225 22 240 49 233 52 237 11 
16 13 12 16 14 18 19 17 16 14 15 18 17 13 14 18 16 2 344 92 353 17 
7 6 6 7 6 7 6 6 7 7 5 6 6 7 6 5 5 2 307 59 287 18 
13 10 11 11 9 14 14 12 14 15 12 11 13 9 10 14 10 3 177 47 278 1 219 69 
26 22 28 21 30 30 31 20 28 31 30 28 22 31 25 30 24 3 230 92 136 83 138 87 
0 0 0 0 0 0 0 0 0 0 0 0 0 0 0 0 0 2 336 16 293 63 
16 19 13 12 12 12 17 16 13 14 15 18 17 13 15 13 15 3 163 36 189 77 249 84 
18 14 15 20 14 20 17 18 17 17 14 18 18 19 21 15 21 2 155 24 217 81 
32 31 32 27 31 37 35 37 37 39 24 33 29 36 27 27 33 4 156 53 335 86 216 35 349 57 
7 5 5 7 7 5 6 5 6 6 7 7 7 5 7 6 5 1 139 31 
30 25 26 30 31 25 31 28 31 31 24 29 34 35 28 31 23 0  
32 25 26 35 34 26 26 35 32 31 31 32 38 31 34 31 27 4 265 63 219 73 188 1 184 56 
24 22 24 20 23 20 24 25 18 18 27 29 22 26 18 20 18 2 130 50 188 45 
13 9 9 14 14 14 12 9 14 15 14 11 12 12 12 10 15 4 169 88 354 28 154 82 335 34 
39 38 31 40 33 42 35 35 38 35 29 34 37 36 34 34 44 3 219 15 328 76 138 53 
35 38 37 34 31 28 42 26 38 26 30 32 30 42 41 40 40 4 350 34 207 40 266 22 222 46 
18 20 14 20 18 13 18 16 18 19 20 21 21 14 20 15 15 3 233 52 321 20 277 17 
7 6 6 5 5 7 5 6 5 6 6 6 7 7 5 7 5 2 141 63 155 14 
19 22 19 22 17 22 17 16 16 15 21 18 19 22 14 14 21 4 161 37 221 11 234 28 218 71 
13 14 12 11 9 15 15 13 15 14 10 10 9 15 10 14 10 2 236 32 344 39 
10 8 9 10 9 7 7 11 10 11 8 7 8 9 8 10 10 3 251 20 284 68 335 92 
3 2 2 2 2 2 2 2 2 2 2 2 2 2 2 2 2 2 339 69 202 36 
24 19 27 18 28 29 24 29 28 24 24 23 21 18 22 22 26 4 305 67 268 86 325 43 182 47 
21 17 22 17 23 21 16 23 25 18 22 16 22 20 16 23 19 3 179 60 277 64 325 3 
0 0 0 0 0 0 0 0 0 0 0 0 0 0 0 0 0 0  
33 29 30 34 24 34 25 28 37 33 28 33 28 31 24 40 28 3 290 44 280 35 295 84 
3 2 2 2 2 2 2 2 2 2 2 2 2 2 2 2 2 3 348 39 329 18 263 82 
34 35 25 32 28 25 25 27 25 28 37 37 27 33 26 28 37 2 219 21 209 91 
19 19 14 21 20 16 21 18 19 15 20 19 22 21 16 15 22 3 202 44 267 49 210 56 
12 14 9 9 10 9 11 10 12 9 12 10 12 12 13 14 14 1 280 9 
15 17 17 16 13 14 17 14 11 13 17 11 11 13 13 12 15 3 218 96 204 20 266 81 
36 31 33 43 44 27 29 39 43 33 34 38 34 38 44 43 32 1 271 33 
32 28 25 24 24 37 25 37 27 30 35 34 36 38 38 33 31 2 152 70 254 93 
31 29 33 30 28 25 26 29 31 33 36 29 33 30 24 23 37 2 311 69 274 92 
37 34 33 41 27 30 43 44 45 37 39 42 32 27 38 37 35 4 268 5 291 23 344 67 315 99 
9 7 10 10 10 8 9 6 9 7 8 8 10 6 10 8 7 3 309 88 288 65 310 21 
4 3 4 4 4 4 3 3 3 4 3 4 3 4 4 3 3 5 247 42 248 61 200 69 214 88 275 18 
19 16 14 18 22 19 18 18 22 15 16 17 19 15 22 21 19 3 176 78 170 68 343 29 
24 23 22 21 25 24 18 27 25 28 25 29 29 19 26 18 18 2 334 36 342 60 
2 1 1 1 1 1 1 1 1 1 1 1 1 1 1 1 1 5 231 76 275 17 309 34 303 90 226 78 
24 22 21 27 23 25 22 29 19 25 23 25 29 26 28 28 18 2 337 96 314 11 
25 20 26 20 21 30 23 28 21 19 18 27 20 18 25 18 24 2 243 70 191 26 
25 30 25 19 28 26 20 19 26 23 27 23 20 29 18 23 30 3 346 69 269 56 198 64 
25 29 26 24 22 25 24 19 19 28 22 24 24 20 26 23 23 1 159 48 
22 23 24 24 21 16 18 25 16 19 21 18 24 21 23 16 18 3 274 49 203 9 340 95 
16 18 15 14 14 16 18 15 13 17 19 12 16 18 14 13 15 4 308 27 348 19 277 67 182 51 
30 29 35 22 33 31 36 36 23 23 22 35 26 27 30 29 33 2 197 60 218 45 
38 42 28 38 41 40 40 41 43 32 32 36 35 45 29 44 33 5 212 71 211 12 202 29 272 96 177 72 
29 24 35 30 28 22 31 35 29 34 24 27 30 30 33 27 28 2 341 2 264 27 
15 14 14 14 12 11 16 15 11 11 15 13 15 17 11 16 13 4 193 74 339 55 349 95 287 52 
20 21 16 23 17 24 24 21 23 15 21 22 16 16 20 19 18 2 295 93 292 38 
8 6 9 7 8 8 7 6 6 7 7 9 8 9 9 9 6 4 270 50 337 55 246 13 176 91 
29 33 32 23 31 29 33 35 23 24 25 32 32 21 29 32 23 2 285 48 304 79 
39 29 35 46 32 34 44 36 37 35 46 45 46 39 30 43 45 2 341 30 308 60 
17 13 20 17 17 19 12 16 15 16 13 16 16 13 18 19 18 4 324 87 334 67 239 47 326 67 
0 0 0 0 0 0 0 0 0 0 0 0 0 0 0 0 0 1 242 9 
31 35 27 34 33 28 26 26 28 28 33 23 36 33 25 33 31 3 199 68 201 13 306 76 
26 25 21 21 20 30 31 22 28 21 28 28 25 20 22 27 30 4 174 46 287 79 302 34 250 8 
13 12 15 14 12 14 15 10 14 10 15 13 14 12 13 9 14 2 244 38 318 87 
32 37 24 37 30 35 30 28 36 32 28 27 34 27 30 31 26 1 346 14 
36 31 38 34 39 34 35 35 28 36 36 31 29 27 44 40 27 3 267 28 221 63 337 93 
21 20 17 16 21 17 19 18 18 22 23 15 25 16 19 18 19 4 304 29 242 46 325 39 346 44 
39 33 36 35 44 41 31 47 33 30 38 39 34 34 46 47 38 3 294 32 338 86 309 70 
20 20 15 22 21 23 23 23 23 21 17 22 15 22 24 17 19 4 312 89 353 23 244 70 311 13 
31 32 27 35 33 24 35 34 32 35 32 36 36 23 29 28 25 2 317 96 250 93 
34 33 37 41 41 25 40 40 32 31 33 40 35 38 41 29 33 2 335 73 191 97 
0 0 0 0 0 0 0 0 0 0 0 0 0 0 0 0 0 2 242 94 328 7 
33 26 36 33 29 37 26 38 27 25 37 39 38 29 30 27 37 2 345 13 337 22 
16 19 17 19 14 13 17 15 15 19 13 19 18 16 17 17 13 3 337 93 315 96 322 23 
30 28 26 29 34 22 24 32 35 32 32 25 34 34 34 29 22 4 251 8 328 61 206 44 345 91 
30 26 22 32 29 30 27 32 29 24 29 27 33 23 31 34 34 1 288 4 
38 31 33 45 40 45 30 46 41 41 32 31 45 44 33 29 28 3 295 6 315 1 195 23 
23 17 27 24 24 24 17 24 17 18 17 26 20 27 21 27 19 1 212 44 
16 18 17 14 16 13 15 18 14 15 13 16 16 15 18 14 15 1 314 58 
29 33 33 28 29 28 30 35 31 31 33 30 30 34 23 23 30 3 274 52 194 89 336 36 
24 22 28 28 21 29 18 21 18 22 20 20 19 25 21 29 20 4 241 41 254 94 337 69 256 71 
18 17 18 15 21 21 21 19 19 13 16 13 19 15 14 18 18 2 307 88 322 95 
38 39 35 42 42 38 34 44 39 30 36 43 43 43 29 39 30 3 273 26 284 17 278 64 
38 40 30 40 43 42 34 34 43 40 46 40 46 36 29 32 31 3 314 10 300 48 307 68 
23 25 27 20 23 24 25 17 26 18 26 26 18 18 19 21 24 1 312 13 
3 2 2 2 2 2 2 2 2 2 2 2 2 2 2 2 2 4 288 82 223 38 286 33 229 66 
4 3 3 4 3 4 3 4 3 3 4 3 4 3 3 3 4 3 308 37 223 79 325 23 
5 4 4 3 4 3 3 4 5 3 3 4 3 5 3 5 5 2 282 90 254 2 
3 2 2 2 2 2 2 2 2 2 2 2 2 2 2 2 2 3 343 65 242 52 296 20 
31 36 34 25 33 35 28 28 35 27 35 26 29 36 35 36 27 4 283 70 255 7 227 14 343 46 
6 6 5 5 5 4 6 6 6 6 4 5 5 5 4 5 4 2 254 86 237 44 
6 6 6 5 5 4 5 4 5 4 5 6 5 5 6 5 5 2 218 83 266 88 
32 25 33 35 38 24 24 32 39 28 33 28 27 27 25 29 34 1 231 35 
14 14 14 16 11 15 15 12 16 13 12 16 10 16 16 16 10 2 353 18 301 14 
37 45 36 35 45 27 39 27 43 34 27 42 36 45 30 34 36 3 253 83 343 25 286 37 
17 12 20 12 15 13 19 19 12 15 18 15 12 18 17 16 19 4 284 16 349 92 239 38 303 72 
18 17 13 14 14 20 18 16 18 18 19 16 16 13 18 20 19 2 247 81 255 24 
5 4 3 5 4 5 4 3 5 4 5 3 5 5 4 4 5 2 263 30 331 13 
31 28 28 33 25 36 35 34 27 33 30 37 35 32 36 30 31 3 314 96 260 94 326 66 
5 5 5 3 4 4 3 3 4 3 4 3 3 4 4 3 4 3 277 72 226 22 318 61 
2 1 1 1 1 1 1 1 1 1 1 1 1 1 1 1 1 4 323 0 354 84 303 33 328 73 
26 26 26 29 31 30 24 24 24 22 19 26 24 29 29 21 25 3 298 17 265 13 241 29 
5 3 4 4 4 5 5 3 3 5 5 5 4 5 5 4 3 3 248 8 267 55 250 68 
34 31 25 29 25 37 25 27 33 28 34 39 41 30 26 36 26 2 328 44 258 4 
28 21 22 29 22 29 27 32 29 34 32 28 21 32 28 27 28 4 311 99 339 34 317 37 305 86 
16 17 19 17 13 14 14 17 14 17 19 17 16 16 14 16 16 2 339 65 301 37 
37 34 38 27 33 42 27 45 27 42 44 34 41 39 31 40 31 1 239 81 
22 26 21 16 16 24 26 16 23 16 24 21 23 26 16 17 25 3 346 85 256 55 231 4 
39 47 45 42 47 32 41 35 37 32 44 34 44 47 42 43 33 0  
25 21 19 29 24 30 22 30 23 20 25 29 27 26 22 24 22 2 263 31 298 56 
21 17 24 23 24 18 23 18 18 18 24 18 25 16 22 21 18 2 259 47 245 56 
25 20 19 24 20 22 27 28 20 19 24 24 18 19 23 30 25 4 351 36 346 71 296 1 294 94 
13 14 11 9 9 15 13 12 10 9 10 13 10 10 9 12 14 1 319 62 
10 7 11 7 7 11 8 9 10 11 7 7 7 11 11 8 11 3 250 55 239 63 297 14 
33 31 26 35 32 28 37 29 38 39 29 39 24 30 31 29 27 3 293 6 225 32 290 40 
21 18 15 18 24 21 17 23 22 21 24 19 18 20 23 19 24 3 304 52 255 58 266 91 
33 38 33 25 30 31 27 24 28 32 26 37 29 31 32 32 37 2 238 89 265 64 
27 26 23 23 25 28 31 29 21 29 26 20 27 23 28 20 26 3 264 15 291 68 253 18 
30 33 34 25 22 25 35 35 29 27 28 28 28 24 29 30 32 4 291 22 288 98 306 58 285 77 
29 34 29 27 24 26 35 29 29 27 35 35 34 30 32 29 33 2 253 52 289 47 
32 27 31 33 29 35 39 33 29 35 31 36 33 33 24 39 28 1 302 79 
16 14 15 18 14 17 19 18 12 14 15 17 19 19 15 17 16 2 297 43 261 5 
36 44 43 39 44 28 42 32 37 32 29 39 29 32 30 36 36 3 320 89 248 24 327 51 
28 33 25 30 22 24 34 34 30 24 30 32 21 29 32 21 31 1 317 8 
24 18 25 26 20 20 19 25 19 24 26 21 23 18 21 21 27 2 237 58 272 32 
28 24 30 26 32 25 32 24 25 21 26 30 23 27 31 33 28 2 336 25 329 51 
8 6 9 9 9 9 7 6 8 9 9 6 9 6 7 7 9 1 289 48 
18 20 15 20 19 14 20 19 20 21 20 21 20 17 17 21 19 1 300 73 
19 19 15 19 19 22 17 20 19 19 14 16 15 19 16 15 22 1 329 11 
12 13 10 12 10 9 10 10 14 14 14 14 9 12 11 10 11 2 311 18 283 62 
12 11 9 9 14 11 12 12 13 14 12 13 9 13 14 12 12 2 267 39 302 47 
32 27 34 29 37 39 35 26 28 33 37 25 39 30 27 38 26 1 311 37 
31 36 25 28 29 32 27 27 27 34 31 30 36 26 32 25 33 3 325 39 274 6 315 89 
10 11 9 9 11 11 10 10 9 7 10 9 10 11 7 8 9 0  
26 28 22 27 29 30 30 25 19 24 22 20 29 21 22 23 22 2 260 53 326 73 
37 43 34 36 37 38 31 29 37 27 42 29 28 34 41 31 44 2 275 93 333 4 
13 10 11 10 9 13 14 11 13 9 11 12 13 14 11 15 14 2 269 89 309 67 
4 4 3 3 3 4 3 3 3 4 3 3 3 4 3 3 3 2 308 3 285 30 
10 7 10 7 9 7 11 10 8 11 11 11 7 9 8 10 11 2 289 36 340 72 
6 6 6 4 5 6 5 4 4 5 5 4 4 5 6 4 6 2 352 12 346 69 
6 4 5 5 5 4 6 6 4 6 4 6 6 5 5 4 4 3 283 28 274 12 328 82 
22 24 16 19 22 23 22 24 18 24 17 21 26 26 23 19 21 0  
5 5 3 3 4 3 5 3 5 4 4 3 3 4 3 4 5 0  
18 17 21 21 15 13 16 19 18 16 17 21 13 13 14 13 17 0  
10 11 8 10 11 10 11 9 7 11 9 7 8 8 10 9 11 1 311 63 
21 19 15 19 24 24 19 23 24 21 19 24 21 16 19 24 22 2 299 53 288 6 
33 27 34 38 35 28 29 24 27 38 29 31 36 29 30 33 30 3 341 23 294 20 299 84 
21 18 25 25 22 20 22 25 20 17 21 18 22 15 20 16 17 3 331 6 312 48 338 47 
20 21 16 17 19 16 18 18 20 15 23 16 22 20 21 16 19 0  
15 12 16 11 14 17 12 12 17 15 16 17 13 15 16 17 17 1 354 71 
23 19 25 27 21 22 20 26 24 24 25 27 26 27 24 23 19 2 289 6 342 13 
31 32 31 37 30 33 36 30 25 33 33 34 37 32 25 33 37 2 353 95 349 25 
15 14 15 15 12 14 16 14 14 11 13 12 16 17 16 14 14 2 316 80 287 17 
2 1 1 1 1 1 1 1 1 1 1 1 1 1 1 1 1 1 336 52 
13 14 13 10 13 11 11 10 13 12 12 9 14 11 14 14 15 1 275 2 
26 30 23 31 28 19 27 30 29 21 26 20 25 27 27 24 19 2 341 75 287 89 
30 26 36 33 34 28 22 27 23 26 30 23 27 24 32 29 30 1 340 95 
16 16 12 17 13 14 17 12 17 13 18 15 16 19 19 13 12 0  
9 7 8 8 9 8 8 10 6 7 10 9 10 8 6 6 9 2 337 45 300 12 
39 30 44 41 41 47 30 46 44 42 47 34 47 30 45 37 41 0  
8 6 9 7 8 8 9 8 6 6 6 9 8 9 7 9 7 1 323 75 
18 21 21 13 19 14 21 16 13 17 18 18 16 19 17 19 13 1 298 57 
3 2 2 2 2 2 2 2 2 2 2 2 2 2 2 2 2 3 316 57 335 91 307 5 
26 23 28 26 26 26 20 20 30 21 28 26 19 25 31 29 19 2 330 98 340 32 
12 11 11 9 11 14 10 11 12 14 10 9 14 9 11 11 10 1 346 76 
28 24 22 33 26 22 34 33 24 34 34 30 27 21 23 24 23 0  
33 34 25 27 31 34 32 40 32 32 39 27 29 31 30 25 40 2 293 40 299 93 
2 1 1 1 1 1 1 1 1 1 1 1 1 1 1 1 1 0  
24 27 21 21 22 20 18 26 22 20 24 25 27 26 20 25 29 2 318 38 304 9 
36 27 44 30 31 37 30 31 31 35 30 29 41 35 44 44 43 2 316 36 298 20 
8 9 7 9 7 6 6 9 7 6 7 8 7 6 6 8 8 1 340 18 
29 30 29 33 32 31 24 35 35 23 27 33 32 26 24 35 32 2 319 45 317 45 
16 19 16 15 13 18 18 13 17 18 19 17 19 18 19 19 18 2 323 90 305 84 
23 25 25 24 27 22 23 24 20 24 18 19 27 27 18 19 18 2 338 53 294 59 
23 18 18 18 21 20 27 25 23 26 22 27 25 21 25 26 24 2 307 91 304 66 
9 9 8 8 6 9 10 9 6 6 9 7 7 10 10 9 9 0  
10 7 10 11 9 9 9 11 9 11 8 9 9 8 8 10 7 1 346 85 
18 15 20 15 14 17 13 17 14 17 18 18 15 13 21 14 14 0  
17 13 14 18 13 20 16 15 15 17 17 18 18 20 12 14 20 1 354 46 
3 2 2 2 2 2 2 2 2 2 2 2 2 2 2 2 2 0  
35 29 41 28 42 38 36 32 34 31 36 30 30 32 32 36 37 2 354 83 329 46 
26 31 30 28 29 27 25 30 20 29 19 19 27 26 31 27 24 1 334 57 
38 29 31 35 29 34 38 44 33 33 30 29 35 43 28 35 30 2 332 81 342 53 
3 2 2 2 2 2 2 2 2 2 2 2 2 2 2 2 2 1 333 62 
29 26 32 25 27 25 28 25 26 33 34 34 22 27 32 32 35 2 349 70 312 40 
21 16 20 16 16 20 24 17 24 23 17 21 20 18 25 23 22 0  
16 15 18 18 14 12 18 15 18 18 16 16 15 16 12 19 17 2 333 92 313 13 
29 25 29 35 21 26 33 27 31 34 22 28 21 21 22 22 25 1 322 89 
36 34 28 29 43 34 35 36 37 41 27 40 33 42 31 37 31 2 310 69 336 22 
0 0 0 0 0 0 0 0 0 0 0 0 0 0 0 0 0 2 335 92 351 30 
7 6 6 5 5 7 5 5 6 5 7 5 5 7 6 5 7 1 326 20 
36 27 42 36 35 30 42 39 41 31 34 38 33 29 32 43 42 1 345 23 
34 36 35 41 28 32 36 25 40 34 31 27 39 41 25 29 25 1 317 15 
10 7 11 8 7 8 11 7 7 9 10 10 10 8 10 10 11 2 312 30 343 14 
38 39 34 33 31 29 43 33 29 35 46 42 31 45 41 43 34 2 345 3 350 54 
27 27 32 30 24 30 26 32 24 21 32 26 24 25 21 24 24 0  
19 20 20 16 21 20 20 22 18 18 20 14 21 21 18 16 21 3 316 89 349 81 318 45 
19 21 16 18 17 15 18 22 17 22 18 22 17 18 17 18 20 1 349 76 
5 5 4 5 4 5 5 3 3 3 3 5 3 5 3 3 3 0  
22 16 25 23 26 18 20 17 16 19 19 25 26 26 18 26 16 2 330 86 345 72 
27 24 32 21 22 22 23 31 21 27 29 30 30 24 26 24 30 2 336 50 321 61 
30 25 27 33 35 29 23 29 34 29 35 28 27 33 36 23 28 2 318 38 314 29 
37 27 28 29 34 45 30 44 45 29 39 36 42 32 40 34 43 0  
24 23 23 22 27 27 18 24 25 27 25 28 21 23 19 20 21 2 318 54 339 59 
7 5 5 6 6 7 6 6 5 5 7 7 6 7 5 7 5 0  
34 26 30 36 26 26 28 34 37 34 33 26 37 36 29 38 39 0  
14 14 14 12 12 14 13 14 11 11 13 15 13 16 16 14 16 2 333 59 325 73 
32 26 25 32 38 34 29 35 27 39 36 24 26 35 27 26 27 0  
18 18 15 18 14 15 21 13 21 19 14 14 15 17 18 20 18 1 349 93 
4 4 4 4 3 3 4 4 3 4 4 4 3 3 4 3 3 1 328 78 
15 11 13 12 13 15 16 16 17 14 12 11 17 17 16 16 11 2 334 44 332 2 
11 12 12 8 10 10 11 8 11 11 8 9 9 8 8 10 9 0  
38 29 35 37 28 43 37 34 31 32 33 34 43 43 31 38 33 0  
6 5 4 4 4 4 6 5 5 5 4 5 5 6 4 6 6 1 351 95 
4 4 3 3 4 3 3 3 4 3 4 3 3 3 3 3 3 0  
21 15 21 17 21 20 22 23 22 24 15 22 16 21 24 15 18 1 349 97 
19 22 21 22 16 21 16 20 14 16 14 17 14 15 19 18 18 1 353 52 
39 34 43 32 38 33 43 41 44 38 41 37 40 30 44 36 31 0  
37 45 42 43 38 37 35 34 33 39 38 37 29 30 34 36 32 2 346 1 349 79 
31 29 25 23 33 28 30 31 27 35 27 34 28 30 26 35 33 1 344 62 
11 11 9 12 12 10 12 9 11 11 12 9 9 12 8 8 10 2 353 69 351 1 
3 2 2 2 2 2 2 2 2 2 2 2 2 2 2 2 2 1 339 60 
5 5 5 5 5 5 4 3 5 4 5 3 5 4 3 5 5 1 342 2 
24 22 24 19 23 18 21 24 27 22 20 25 19 23 22 23 20 0  
28 24 27 29 21 34 23 21 27 32 23 27 32 25 28 24 33 1 341 83 
11 12 8 8 8 11 8 11 10 11 9 8 10 12 11 8 9 0  
34 33 29 31 39 38 31 29 38 38 41 29 38 34 38 34 36 0  
6 5 5 5 5 6 4 6 6 4 6 4 4 6 4 4 4 0  
24 21 22 27 26 20 18 27 18 22 24 21 27 27 26 29 20 0  
35 27 37 32 34 41 26 36 39 27 26 36 33 40 33 41 28 0  
30 31 32 29 34 32 32 36 28 26 33 28 29 25 35 25 22 0  
31 26 33 29 37 31 31 26 23 31 23 37 32 24 32 26 23 0  
12 10 14 10 12 13 10 12 14 10 10 12 10 10 12 12 11 0  
35 26 35 33 31 42 30 39 40 39 26 31 26 27 36 29 35 0  
15 14 12 15 14 12 16 11 16 14 14 16 15 16 15 14 11 0  
4 3 4 3 3 4 3 4 3 4 3 4 3 3 4 4 3 0  
29 29 32 35 24 33 26 27 33 33 31 30 23 27 28 24 29 0  
14 11 11 11 11 10 11 11 13 14 12 14 16 10 11 15 10 0  
36 27 38 37 36 38 38 30 39 29 41 44 36 27 27 29 42 0  
34 40 37 38 32 26 31 31 36 41 30 28 35 28 33 27 33 0  
6 4 5 5 5 6 6 4 4 5 5 6 5 4 5 4 5 0  
24 21 24 18 23 21 20 22 21 23 18 19 23 18 29 22 23 0  
10 7 8 11 10 11 10 11 7 10 7 8 11 7 9 9 8 0  
32 31 35 26 29 29 27 36 35 25 26 34 37 38 35 31 31 0  
24 27 21 24 23 24 24 29 29 22 21 23 20 23 27 21 21 0  
35 26 26 28 41 33 34 33 36 33 27 35 31 28 27 40 36 0  
38 32 40 37 33 32 43 34 43 41 40 31 33 38 31 46 36 0  
28 30 32 33 30 33 24 34 24 31 24 32 26 25 32 26 28 0  
5 4 3 5 5 4 4 4 5 4 3 4 3 5 3 3 5 0  
16 17 19 14 15 16 19 19 12 14 14 19 16 18 15 19 19 0  
7 7 5 5 7 5 7 7 6 6 5 7 7 7 7 6 7 0  
19 20 20 19 21 15 19 18 16 15 22 20 19 16 20 22 16 0  
22 21 26 22 23 20 19 22 26 19 18 25 16 21 23 18 22 0  
13 15 10 9 13 15 12 9 11 13 10 12 13 10 14 14 14 0  
10 11 10 7 9 7 7 10 10 8 8 8 7 8 11 7 8 0  
24 23 19 22 27 18 23 20 20 22 19 24 24 25 24 18 25 0  
24 20 28 22 23 22 23 28 19 24 23 23 28 27 27 27 28 0  
13 12 9 11 11 14 11 15 10 13 10 13 12 14 13 12 11 0  
35 41 31 33 41 39 42 32 26 40 33 35 37 35 42 31 42 0  
35 35 35 37 31 33 34 32 28 33 39 37 31 40 27 38 38 0  
39 31 38 45 33 32 29 32 31 39 31 37 31 46 33 38 30 0  
8 6 8 6 7 7 6 6 7 8 6 8 6 8 9 9 7 0  
8 6 9 8 9 8 6 6 7 8 9 8 7 7 6 9 8 0  
23 23 20 21 17 27 24 26 18 26 22 26 22 25 18 22 18 0  
13 14 9 15 11 12 12 14 15 9 14 14 13 12 10 11 9 0  
24 27 24 19 24 27 28 22 21 26 21 23 22 26 23 29 28 0  
39 41 33 45 38 41 36 39 30 46 31 30 41 33 33 45 32 0  
2 1 1 1 1 1 1 1 1 1 1 1 1 1 1 1 1 0  
31 24 24 23 28 29 25 35 29 28 35 27 31 37 25 24 24 0  
0 0 0 0 0 0 0 0 0 0 0 0 0 0 0 0 0 0  
32 28 26 26 25 34 27 28 27 37 30 33 27 29 24 28 27 0  
5 3 4 5 3 3 5 4 4 4 5 3 4 5 4 4 5 0  
3 2 2 2 2 2 2 2 2 2 2 2 2 2 2 2 2 0  
2 1 1 1 1 1 1 1 1 1 1 1 1 1 1 1 1 0  
24 18 24 23 20 20 25 25 20 28 24 22 26 19 25 21 25 0  
27 23 31 31 28 21 30 25 29 29 28 29 25 27 27 31 31 0  
33 37 27 28 25 33 27 39 26 34 33 31 25 29 24 28 39 0  
12 11 13 11 14 14 9 10 10 10 9 11 14 9 11 11 9 0  
39 45 46 44 42 36 40 43 41 47 44 35 32 41 42 40 30 0  
32 24 38 38 27 24 26 24 28 27 26 34 26 37 35 32 25 0  
13 14 9 15 11 13 12 10 13 12 9 10 15 11 15 12 10 0  
6 4 5 6 6 4 4 4 5 4 6 6 5 4 4 5 5 0  
0 0 0 0 0 0 0 0 0 0 0 0 0 0 0 0 0 0  
7 5 7 6 6 6 7 7 7 5 6 6 7 6 7 7 7 0  
27 30 20 23 30 27 21 32 22 23 32 25 32 30 30 24 26 0  
10 9 8 7 10 8 11 7 10 8 8 10 8 8 8 7 8 0  
8 6 8 6 9 9 8 7 9 9 8 9 6 6 8 9 8 0  
39 32 47 43 37 36 33 34 31 34 47 43 44 29 45 47 33 0  
25 18 26 27 19 27 21 27 21 21 20 21 23 19 23 18 24 0  
31 36 33 34 32 23 36 34 24 30 29 31 37 24 25 29 28 0  
19 18 17 21 14 18 15 16 15 17 19 17 16 21 22 20 21 0  
16 13 19 17 13 12 14 16 16 17 15 15 19 14 12 12 15 0  
18 15 15 15 13 13 20 19 16 20 18 13 16 19 19 16 20 0  
0 0 0 0 0 0 0 0 0 0 0 0 0 0 0 0 0 0  
35 35 39 41 32 33 37 37 29 31 39 29 42 42 36 33 30 0  
38 45 31 45 40 34 29 45 38 36 42 46 36 34 41 33 30 0  
15 12 12 11 13 14 17 13 17 14 11 16 17 12 11 14 12 0  
27 24 28 30 29 20 31 25 26 32 22 24 32 29 24 22 20 0  
19 18 20 17 21 16 15 20 21 14 17 19 15 21 18 21 18 0  
0 0 0 0 0 0 0 0 0 0 0 0 0 0 0 0 0 0  
36 42 36 27 30 34 31 41 30 40 37 28 36 38 30 27 41 0  
35 28 27 26 30 34 41 32 32 33 34 40 30 28 26 41 34 0  
37 27 32 42 27 32 35 34 40 28 29 41 36 30 33 33 42 0  
5 5 3 3 3 3 4 4 3 3 3 5 3 3 5 3 5 0  
24 29 18 18 25 24 21 25 25 27 29 22 23 26 24 26 19 0  
2 1 1 1 1 1 1 1 1 1 1 1 1 1 1 1 1 0  
15 11 15 12 16 17 13 17 12 17 12 14 16 12 12 15 12 0  
20 17 19 23 24 20 19 18 18 21 17 15 18 22 16 22 20 0  
29 25 24 28 33 35 32 32 34 23 28 21 28 30 26 23 32 0  
23 18 26 17 23 18 17 24 18 19 21 19 21 26 19 26 18 0  
30 23 33 28 27 36 26 26 31 26 25 27 27 34 27 32 29 0  
12 9 13 13 12 12 14 9 14 11 9 13 14 13 11 12 10 0  
13 14 13 11 14 13 12 11 12 12 9 15 12 14 11 13 10 0  
2 1 1 1 1 1 1 1 1 1 1 1 1 1 1 1 1 0  
22 18 22 23 26 25 24 26 18 24 26 18 18 17 22 18 23 0  
32 27 36 30 35 27 26 33 37 27 35 29 37 37 38 32 24 0  
8 9 6 9 6 6 8 7 9 7 7 7 8 6 9 6 9 0  
1 0 0 0 0 0 0 0 0 0 0 0 0 0 0 0 0 0  
35 40 32 29 28 39 41 40 34 26 35 27 32 41 37 39 36 0  
2 1 1 1 1 1 1 1 1 1 1 1 1 1 1 1 1 0  
16 19 12 12 14 14 12 13 19 18 18 14 15 16 15 15 17 0  
0 0 0 0 0 0 0 0 0 0 0 0 0 0 0 0 0 0  
17 20 18 20 14 17 14 18 16 17 12 14 14 19 17 18 12 0  
39 32 39 45 37 41 39 44 38 32 38 35 38 35 44 35 37 0  
20 22 19 18 22 22 19 22 20 24 19 20 17 22 16 23 23 0  
16 19 17 16 14 13 13 15 17 19 14 17 16 14 16 15 18 0  
27 23 22 22 28 20 21 29 20 30 22 31 30 25 30 22 29 0  
3 2 2 2 2 2 2 2 2 2 2 2 2 2 2 2 2 0  
7 6 6 5 7 6 5 6 5 6 7 7 5 6 5 5 7 0  
25 28 20 25 30 21 22 23 24 22 25 19 25 20 29 29 19 0  
11 9 12 12 8 10 9 8 9 9 11 9 9 8 9 12 9 0  
5 3 5 3 4 5 4 4 3 5 5 4 3 4 3 5 3 0  
33 40 27 25 39 34 33 34 28 31 29 26 30 32 33 36 36 0  
39 34 43 29 39 39 40 31 42 36 47 46 44 47 44 32 35 0  
36 44 37 30 31 31 27 31 32 32 43 30 44 28 30 30 37 0  
17 20 17 14 13 13 13 16 20 19 15 18 12 20 14 18 19 0  
9 8 7 7 8 6 9 6 6 6 6 8 8 8 7 6 10 0  
34 37 40 36 28 27 32 38 34 27 29 25 36 41 26 37 31 0  
22 25 24 17 17 18 16 24 17 24 16 20 23 16 16 22 25 0  
25 23 22 25 28 21 24 25 27 23 21 29 18 22 26 22 19 0  
35 30 40 31 40 41 32 39 40 28 28 27 40 40 39 31 33 0  
28 26 33 24 34 33 25 27 27 33 31 21 32 22 24 27 31 0  
9 10 10 10 9 6 9 9 9 7 10 7 10 6 10 6 9 0  
2 1 1 1 1 1 1 1 1 1 1 1 1 1 1 1 1 0  
0 0 0 0 0 0 0 0 0 0 0 0 0 0 0 0 0 0  
7 5 6 5 7 7 7 5 7 5 7 7 5 7 6 6 7 0  
2 1 1 1 1 1 1 1 1 1 1 1 1 1 1 1 1 0  
15 15 11 13 14 15 16 14 14 16 12 12 17 13 12 13 12 0  
17 14 12 12 18 17 13 20 14 17 15 18 16 19 17 15 18 0  
2 1 1 1 1 1 1 1 1 1 1 1 1 1 1 1 1 0  
30 22 23 32 24 24 36 35 22 27 30 22 33 29 26 28 32 0  
14 14 15 14 16 13 10 11 16 12 14 12 11 11 10 13 16 0  
32 36 36 35 32 25 33 31 37 34 38 30 32 34 37 37 27 0  
16 18 18 15 13 16 13 15 16 15 13 18 14 19 18 13 16 0  
24 21 18 22 22 29 19 24 24 28 27 21 24 25 26 26 23 0  
36 33 30 37 42 37 29 32 44 38 33 44 39 44 38 28 35 0  
18 20 18 17 16 16 13 20 14 13 21 15 17 18 13 18 19 0  
37 28 33 38 32 33 37 35 44 30 27 34 34 44 37 43 39 0  
25 22 20 22 27 23 27 23 28 18 22 18 18 22 19 23 21 0  
8 9 7 8 6 6 6 8 9 9 8 7 9 7 6 6 6 0  
14 13 15 15 15 11 13 14 10 11 15 11 15 10 10 13 10 0  
12 9 13 10 11 11 12 13 12 12 13 13 11 9 14 13 9 0  
12 14 11 12 11 9 14 14 11 11 10 10 11 9 9 14 10 0  
3 2 2 2 2 2 2 2 2 2 2 2 2 2 2 2 2 0  
11 9 9 8 12 9 8 11 9 11 9 12 8 10 10 8 10 0  
25 27 24 22 29 24 29 28 28 19 22 25 28 25 26 21 24 0  
18 20 15 21 21 19 14 20 19 14 21 16 16 17 21 21 20 0  
14 11 13 12 16 13 14 11 16 16 14 14 16 14 10 10 15 0  
6 6 4 6 4 4 4 6 5 5 4 5 4 6 5 5 5 0  
5 5 4 4 3 4 4 5 4 3 3 5 5 5 3 5 3 0  
23 26 27 22 26 24 24 24 23 23 23 20 26 27 18 26 18 0  
13 11 9 12 14 11 13 10 10 14 11 14 14 13 9 15 9 0  
18 16 20 14 19 13 19 14 18 19 17 21 20 17 19 15 18 0  
9 6 9 7 9 6 10 6 7 10 6 6 6 8 9 10 8 0  
7 5 7 7 5 6 5 7 5 6 5 5 5 6 5 6 5 0  
28 24 33 30 24 32 34 27 24 31 23 27 33 22 21 22 32 0  
30 25 29 34 27 34 34 30 33 30 34 28 27 33 28 33 34 0  
15 17 15 11 13 13 17 17 11 14 14 14 14 14 15 13 15 0  
39 45 31 31 34 41 35 36 47 45 41 31 38 35 34 43 42 0  
12 13 11 13 12 9 13 10 10 13 13 11 14 13 13 12 11 0  
13 15 14 12 13 11 15 9 11 12 9 13 14 12 13 15 13 0  
12 9 9 11 12 9 12 13 12 9 14 14 14 11 14 9 14 0  
26 27 20 21 30 23 30 22 20 24 21 24 28 25 19 27 31 0  
5 4 4 3 5 3 4 3 5 4 4 4 4 5 5 5 4 0  
35 33 39 33 33 41 32 34 31 32 30 41 28 33 39 34 30 0  
37 40 43 45 32 34 32 33 29 39 31 37 44 41 37 29 45 0  
12 9 11 12 11 9 10 11 12 13 9 14 12 12 12 12 13 0  
16 14 12 14 15 16 16 12 18 18 15 14 19 13 14 13 16 0  
15 14 17 11 13 13 11 11 15 13 12 15 15 13 17 12 13 0  
0 0 0 0 0 0 0 0 0 0 0 0 0 0 0 0 0 0  
39 36 34 45 40 34 33 41 34 43 31 41 37 46 45 40 40 0  
12 9 10 10 9 14 12 9 14 11 14 14 13 10 13 10 12 0  
9 7 9 6 8 7 6 10 9 9 10 6 7 7 8 8 10 0  
14 15 11 10 11 12 12 13 10 15 13 14 13 14 14 11 12 0  
11 8 11 11 8 11 9 12 11 10 12 12 10 12 12 12 8 0  
22 18 20 22 26 21 25 21 21 21 24 18 18 20 26 25 25 0  
15 16 13 12 11 13 13 16 17 12 13 16 14 12 12 15 14 0  
6 4 5 6 6 5 6 6 6 4 4 5 4 6 5 5 6 0  
30 35 29 22 28 35 23 23 28 34 28 23 28 32 27 25 24 0  
14 12 13 13 16 12 12 16 14 10 12 15 15 13 16 14 14 0  
28 34 21 26 26 21 24 33 34 21 32 27 30 23 27 21 23 0  
28 30 25 25 25 32 21 29 22 33 34 25 27 34 28 21 33 0  

taskCount: 512 | processorsCount: 16 | shape: 0,5 | outDegree: 5 | comCompRatio: 0,5 | compCostRange: 0,5 | height: 33
