1024 4
1 0 0 0 0 3 562 85 659 15 671 57 
32 24 27 39 37 3 821 92 901 1 143 6 
33 35 30 34 32 3 993 46 584 56 983 37 
22 23 16 26 19 3 488 35 504 85 915 70 
5 3 4 3 3 3 400 44 462 8 492 72 
39 42 34 29 33 3 582 57 919 71 758 47 
11 8 12 12 9 2 689 26 645 70 
29 29 23 31 33 3 905 97 580 19 889 7 
18 16 20 17 15 3 524 23 135 46 442 55 
8 8 7 6 9 3 869 83 140 11 860 17 
0 0 0 0 0 3 489 22 1018 4 912 57 
30 30 32 36 32 2 83 42 785 44 
34 34 28 39 35 3 136 29 328 44 651 94 
16 14 19 13 18 3 440 55 238 72 128 11 
18 16 17 16 17 3 367 86 993 63 341 91 
28 26 34 25 25 3 386 1 531 56 537 85 
9 6 9 9 9 3 546 55 145 42 948 57 
8 9 7 9 7 3 500 49 999 22 239 29 
30 35 36 22 36 3 274 98 169 90 321 18 
11 11 10 12 12 3 869 44 433 54 451 9 
2 1 1 1 1 2 686 53 906 70 
10 7 10 8 9 3 1008 43 436 89 554 84 
39 41 33 42 33 3 546 51 941 61 777 78 
17 12 13 15 12 3 102 67 1003 58 298 18 
18 17 21 13 18 3 562 69 685 5 655 27 
24 20 29 22 20 3 552 82 121 96 980 74 
10 11 11 11 11 3 248 98 997 92 641 90 
38 31 36 34 32 3 847 56 499 2 1006 84 
3 2 2 2 2 3 250 5 897 13 112 26 
14 16 16 16 14 3 395 0 127 37 953 9 
21 19 16 22 24 3 370 99 781 47 594 2 
27 32 24 27 23 2 839 91 421 17 
16 16 16 12 17 3 607 81 683 70 746 38 
27 23 30 23 25 3 269 50 378 58 924 46 
37 40 34 34 28 3 467 49 323 92 601 10 
1 0 0 0 0 3 924 31 345 54 909 47 
5 3 4 5 3 3 367 6 486 14 918 93 
11 8 8 9 8 3 391 89 467 54 521 68 
32 30 37 32 37 3 916 84 995 45 205 5 
20 21 20 21 16 3 975 5 534 29 537 56 
17 15 15 17 14 3 444 37 148 76 1009 64 
17 17 12 16 20 3 720 17 279 10 288 93 
13 12 10 13 13 3 986 1 314 23 515 25 
31 28 29 27 29 3 542 25 675 33 785 11 
10 7 7 11 9 3 742 71 964 74 436 21 
10 11 7 10 7 2 487 52 443 41 
30 28 29 32 28 3 442 64 498 86 819 51 
19 17 21 21 14 3 491 13 687 77 844 68 
6 5 6 5 6 3 886 64 121 49 527 60 
5 5 5 4 4 3 812 35 661 57 484 5 
6 5 6 4 5 3 496 92 817 14 205 99 
23 23 18 27 24 3 642 43 702 70 735 17 
38 45 39 37 29 3 321 86 492 74 131 73 
8 8 6 9 8 3 308 66 328 86 269 2 
37 45 34 42 45 3 268 8 481 21 733 10 
30 22 30 25 26 3 656 78 146 69 823 69 
32 25 24 24 26 3 137 10 218 53 484 58 
15 12 13 12 17 3 190 38 311 73 444 63 
4 4 3 3 4 3 398 51 943 64 471 31 
20 22 21 16 24 3 574 45 418 4 949 27 
29 26 23 28 24 2 837 71 157 57 
13 14 14 9 10 3 780 9 713 39 925 19 
26 22 25 28 21 3 158 27 848 71 536 33 
4 4 3 4 3 3 381 65 455 69 446 93 
26 22 27 20 28 3 245 95 629 35 1010 84 
12 11 14 11 10 3 444 58 803 9 923 94 
14 13 13 13 12 3 406 43 373 82 913 34 
6 5 6 4 5 1 908 82 
18 14 20 18 15 3 828 35 189 74 547 54 
16 16 14 17 12 2 398 40 606 67 
22 25 22 23 20 3 379 22 304 46 214 21 
37 29 31 38 41 3 308 27 717 61 933 63 
15 16 16 13 17 3 557 14 737 49 809 45 
9 6 6 8 9 3 536 50 672 55 880 10 
33 30 30 33 32 2 193 16 694 81 
24 19 24 20 19 3 923 46 718 52 995 30 
36 44 42 33 43 2 985 67 993 41 
7 6 7 5 5 3 1017 79 489 7 426 38 
6 4 4 6 5 3 657 35 758 95 762 11 
8 6 8 8 7 3 964 29 968 18 606 16 
33 29 39 31 38 3 558 80 289 11 907 4 
30 35 34 22 25 3 234 66 900 0 518 29 
32 34 25 37 34 3 352 48 366 53 871 38 
37 38 31 28 30 3 528 21 434 9 916 47 
7 7 6 7 5 3 241 19 984 97 473 48 
38 39 44 40 29 3 500 22 357 79 954 71 
29 26 23 28 22 3 972 13 810 4 766 55 
7 6 7 5 7 3 315 59 497 94 955 37 
30 24 22 34 35 3 328 11 720 44 793 61 
7 6 6 5 7 3 891 65 759 6 585 32 
9 6 6 10 8 3 617 5 191 15 275 68 
29 29 31 35 25 3 819 29 922 29 981 65 
7 5 5 7 7 3 725 57 980 11 318 15 
11 10 8 9 10 2 570 86 550 17 
31 34 36 29 32 1 428 88 
4 3 3 4 4 3 347 89 730 95 598 2 
31 33 32 29 37 3 428 57 994 1 399 76 
9 9 9 6 9 3 211 74 543 47 651 77 
5 3 5 5 3 3 239 8 847 56 750 76 
37 35 45 30 30 3 384 33 499 3 426 40 
36 42 41 31 39 3 329 38 703 36 201 96 
24 28 28 21 27 2 937 15 580 83 
0 0 0 0 0 3 341 8 781 10 473 56 
29 24 32 31 27 3 390 27 845 35 237 0 
22 17 17 20 17 2 758 40 748 42 
8 6 8 9 9 3 706 5 424 71 786 37 
8 8 9 7 6 2 207 35 487 28 
28 26 27 33 28 3 585 11 825 53 1018 53 
15 15 16 12 17 3 549 67 496 28 378 85 
12 11 14 13 9 3 310 39 913 70 698 5 
33 34 38 26 29 3 714 48 422 43 377 24 
24 19 27 26 24 3 861 98 379 21 636 63 
9 10 7 10 7 3 610 81 353 17 649 68 
35 41 41 27 26 3 979 67 568 28 320 46 
26 19 19 28 30 2 529 40 617 2 
38 32 29 29 43 3 701 97 624 0 174 8 
21 20 15 24 22 3 698 41 916 79 647 98 
28 23 28 33 22 3 766 67 751 66 223 84 
36 32 43 44 44 3 888 31 385 86 196 75 
28 22 24 25 32 3 171 45 732 91 516 94 
23 20 27 24 19 3 1003 47 586 7 623 93 
6 5 5 5 6 3 946 88 568 15 215 98 
15 15 16 15 14 3 636 6 283 8 260 99 
11 12 8 8 8 3 697 29 940 46 981 13 
7 5 5 6 6 3 412 81 301 25 554 51 
33 40 30 33 34 2 260 41 874 11 
30 25 34 30 27 3 195 19 450 52 813 11 
3 2 2 2 2 3 957 74 421 33 384 67 
18 14 21 15 15 3 604 61 566 13 319 81 
29 26 24 24 35 3 367 38 527 17 346 43 
33 24 28 24 33 3 268 66 512 84 825 17 
26 25 21 21 23 3 450 97 168 26 843 57 
2 1 1 1 1 3 357 79 154 13 861 91 
8 6 9 8 7 3 663 57 417 50 358 83 
12 12 10 14 14 3 196 64 529 82 815 48 
9 6 9 10 7 3 499 50 760 86 559 39 
29 32 32 21 24 3 297 95 647 43 407 97 
2 1 1 1 1 3 372 1 527 93 803 96 
14 12 13 16 14 3 269 23 547 64 891 56 
38 45 36 29 42 3 771 45 714 91 789 82 
30 23 28 29 29 3 152 30 387 0 899 61 
0 0 0 0 0 3 284 72 999 11 606 96 
32 36 35 36 33 3 794 56 916 44 535 29 
18 13 21 21 18 3 751 97 193 31 555 64 
13 10 10 13 13 3 428 76 1013 6 957 95 
24 20 26 28 29 3 520 98 879 96 824 39 
19 22 20 19 15 3 926 45 900 17 649 61 
11 12 10 9 10 3 866 60 654 70 560 31 
25 25 24 24 18 2 686 23 706 85 
33 28 28 30 34 3 532 24 676 85 952 85 
23 25 26 18 19 3 729 8 473 27 671 84 
2 1 1 1 1 3 417 46 581 92 316 76 
12 13 11 14 10 3 869 53 348 8 407 1 
16 13 19 15 17 3 925 44 603 56 365 35 
14 12 13 16 16 3 285 59 725 11 404 34 
29 27 26 26 26 3 916 1 370 83 375 27 
8 9 9 6 7 3 832 15 915 93 399 72 
29 34 25 34 27 3 254 8 474 2 299 12 
22 24 24 16 19 3 795 16 687 98 329 70 
29 35 22 23 29 3 799 55 725 98 832 87 
18 17 17 15 13 3 685 19 299 68 585 99 
4 4 3 3 3 3 581 42 408 50 375 5 
9 6 9 7 9 3 672 41 197 78 772 23 
25 24 28 28 28 3 790 16 205 64 201 13 
18 15 13 18 21 3 1006 94 769 72 803 21 
6 5 6 4 4 3 509 86 190 35 273 46 
21 17 23 22 21 3 937 45 197 90 786 78 
1 0 0 0 0 3 304 30 754 48 529 43 
23 26 20 23 20 3 482 82 867 86 524 49 
17 13 13 16 16 3 903 30 575 99 729 52 
8 7 8 7 9 3 668 40 285 78 739 84 
18 20 18 19 14 3 405 3 842 64 788 95 
13 13 15 10 15 3 675 92 265 68 647 4 
38 30 33 42 43 3 906 35 480 8 894 72 
38 39 38 35 28 3 932 67 262 85 561 49 
22 22 20 26 16 3 851 84 502 49 407 18 
14 16 11 14 12 3 554 69 376 2 874 52 
37 37 36 36 44 3 270 40 214 32 336 47 
38 40 40 34 39 3 329 21 903 47 464 63 
22 25 16 25 21 3 268 98 593 55 564 53 
13 13 15 14 12 3 526 34 993 80 849 90 
18 21 18 14 20 3 977 99 722 48 784 39 
18 16 14 14 21 3 449 73 198 69 897 81 
25 23 28 28 25 3 505 48 434 2 482 48 
6 6 6 4 4 3 386 75 271 89 636 89 
30 27 36 23 36 3 743 70 848 89 277 69 
14 13 11 16 12 3 726 95 684 86 699 31 
26 23 30 22 19 3 981 51 440 63 413 98 
33 39 40 36 30 3 965 39 254 7 952 79 
23 22 26 19 20 3 700 71 621 64 481 57 
0 0 0 0 0 3 780 9 1012 76 517 4 
0 0 0 0 0 2 828 82 485 82 
20 20 24 24 18 3 741 85 759 70 361 26 
25 21 18 26 26 2 453 73 586 78 
19 21 21 16 18 3 848 69 648 26 558 55 
25 21 28 23 30 3 746 28 911 98 290 38 
31 36 35 30 23 3 1003 0 314 62 735 3 
6 5 5 6 6 3 579 1 818 81 285 93 
39 34 42 29 35 3 394 87 1018 95 352 4 
6 4 5 5 6 2 405 82 498 65 
2 1 1 1 1 3 714 30 984 93 498 78 
18 20 18 14 18 2 906 93 298 79 
28 25 26 24 25 3 324 81 961 98 510 53 
7 6 5 5 5 3 641 47 429 34 827 90 
25 29 20 29 22 3 295 8 664 83 706 25 
4 3 3 3 4 3 618 77 987 2 964 36 
29 27 35 24 22 3 277 99 625 94 389 73 
14 14 12 10 15 3 888 54 844 95 534 42 
18 21 19 18 14 2 337 54 838 34 
32 29 31 36 30 3 420 55 357 23 945 63 
14 10 14 13 11 3 415 85 470 6 622 16 
11 11 11 10 10 3 958 10 857 31 363 40 
30 22 25 32 36 3 636 99 739 67 860 21 
39 38 37 44 47 2 833 59 634 93 
16 13 13 12 13 3 732 96 290 3 642 19 
0 0 0 0 0 3 428 23 897 36 515 43 
26 20 28 27 21 3 894 18 491 51 508 65 
24 20 20 21 21 3 591 23 403 9 940 21 
19 18 18 19 21 3 476 55 559 4 645 80 
28 23 27 28 22 3 499 46 783 73 448 50 
32 39 36 33 32 3 540 28 355 22 601 80 
35 31 41 41 40 3 622 57 744 13 849 10 
7 7 5 6 5 3 738 15 630 8 756 78 
0 0 0 0 0 3 574 90 643 90 380 52 
17 13 19 15 17 2 823 13 635 30 
7 6 7 5 7 2 796 15 680 88 
38 44 45 37 41 2 438 11 803 16 
28 23 34 29 22 3 342 63 283 46 811 18 
18 20 20 16 14 3 554 29 721 51 902 55 
12 14 13 12 12 3 855 79 388 32 993 79 
31 31 34 34 36 3 446 79 669 7 285 60 
8 8 6 6 6 2 937 64 790 47 
37 28 35 44 43 2 666 13 633 31 
32 30 34 31 34 3 442 32 347 82 957 68 
19 20 14 14 20 3 414 92 988 64 309 77 
34 27 41 37 38 3 354 3 842 88 719 35 
29 30 21 27 23 3 704 30 765 33 683 45 
10 11 11 9 7 3 889 50 553 6 604 4 
0 0 0 0 0 3 539 10 911 40 488 9 
1 0 0 0 0 3 874 16 929 78 414 89 
1 0 0 0 0 3 320 38 596 21 728 19 
39 46 34 39 41 3 862 54 695 0 439 30 
7 5 5 7 6 3 299 28 389 42 297 55 
1 0 0 0 0 3 306 53 589 24 824 97 
9 7 10 8 6 3 809 18 712 40 915 25 
29 25 22 35 35 3 882 76 896 90 490 84 
10 7 8 7 11 3 496 83 659 80 804 31 
20 21 22 18 24 3 1005 59 839 53 388 65 
8 8 9 6 9 2 786 52 738 12 
19 20 14 21 18 3 571 36 511 69 827 77 
39 30 46 37 32 3 472 21 554 38 899 3 
6 5 5 6 4 3 930 15 617 72 598 42 
26 30 20 22 29 3 493 59 530 10 941 52 
11 9 10 12 12 3 1011 18 876 97 344 46 
13 10 11 10 13 3 514 88 880 45 634 88 
7 7 5 5 5 2 392 25 626 78 
11 12 8 8 12 2 646 18 803 24 
28 26 28 24 27 3 615 26 430 24 742 86 
30 22 22 22 28 3 846 48 921 61 579 52 
17 19 12 16 20 3 973 83 978 81 570 40 
6 5 4 6 4 3 278 45 502 45 875 66 
0 0 0 0 0 3 519 85 895 33 897 72 
36 35 41 41 44 3 958 78 918 44 442 61 
5 5 3 5 5 3 728 40 496 80 875 68 
0 0 0 0 0 3 495 14 446 38 354 43 
5 5 3 4 3 3 398 9 640 25 693 55 
13 10 15 10 9 3 687 80 688 94 793 22 
37 45 45 31 39 3 511 1 313 16 357 35 
19 15 18 21 22 3 826 2 610 82 853 91 
21 18 15 22 23 3 469 38 979 74 375 98 
11 11 10 10 9 3 524 19 599 85 459 60 
16 16 15 13 17 3 828 34 976 90 881 27 
24 26 18 29 18 3 517 78 279 35 398 83 
18 15 17 21 17 3 749 26 578 30 314 87 
26 27 30 27 28 3 826 95 561 79 451 79 
33 25 30 35 40 3 1012 6 692 95 672 92 
27 29 22 32 23 3 937 94 388 37 531 4 
5 5 3 3 3 3 964 55 435 39 411 79 
30 33 26 24 36 3 588 48 782 49 867 85 
28 32 32 27 21 3 381 21 617 89 490 72 
36 31 38 32 41 3 973 85 758 50 554 48 
17 18 16 18 16 3 577 97 464 46 713 23 
19 16 17 15 20 3 649 95 798 77 624 37 
38 39 37 28 36 3 327 71 948 67 673 97 
13 12 15 9 10 3 858 91 702 54 338 97 
25 19 30 27 24 3 544 1 767 98 800 21 
22 16 25 23 17 3 863 84 364 0 704 16 
26 25 27 19 24 3 439 28 891 40 327 51 
19 14 15 15 18 3 649 77 968 65 351 53 
12 11 10 14 10 3 408 80 775 21 805 78 
23 26 23 17 22 3 551 12 514 67 855 29 
1 0 0 0 0 3 940 62 622 51 680 77 
19 17 16 20 21 3 911 52 812 3 658 13 
22 23 16 25 20 3 880 62 400 45 954 86 
35 28 36 39 38 3 363 42 847 25 347 57 
0 0 0 0 0 3 950 9 725 74 374 25 
2 1 1 1 1 3 501 23 417 18 753 38 
1 0 0 0 0 3 896 15 447 41 407 32 
1 0 0 0 0 3 913 93 665 72 793 68 
3 2 2 2 2 3 347 57 462 67 664 88 
15 17 14 17 17 3 985 24 655 64 781 53 
12 11 10 13 13 3 830 2 549 12 601 10 
1 0 0 0 0 3 445 36 966 27 427 46 
27 21 20 21 22 3 800 74 701 79 1012 73 
8 6 8 7 6 3 435 77 947 88 484 28 
23 25 26 24 21 3 317 77 503 89 988 35 
21 16 24 23 19 3 576 7 399 75 391 56 
8 8 8 7 8 3 344 21 855 49 588 48 
24 21 23 19 20 3 690 68 611 14 631 77 
19 19 22 21 22 3 694 4 781 78 587 77 
19 22 16 22 17 3 442 97 360 45 632 59 
5 5 5 5 3 3 537 6 876 53 490 70 
37 31 37 35 42 2 445 10 487 66 
2 1 1 1 1 2 688 81 834 41 
20 17 22 16 18 2 975 2 492 35 
29 24 29 32 34 3 661 56 562 65 732 60 
21 25 19 17 22 3 833 93 750 39 995 1 
37 38 33 29 41 3 818 68 866 50 739 59 
32 32 27 29 27 3 915 86 930 4 961 14 
15 12 15 15 15 3 623 57 616 54 812 7 
23 17 18 17 27 3 1005 92 426 48 461 44 
26 19 29 19 28 2 895 36 410 39 
18 21 21 19 21 3 828 0 1021 18 479 55 
7 6 7 7 5 3 714 31 413 84 706 67 
37 36 36 35 40 3 749 88 932 28 646 39 
9 8 9 8 9 3 651 16 713 3 940 74 
36 41 35 38 44 3 981 18 784 67 599 55 
1 0 0 0 0 3 890 99 746 48 579 18 
23 25 18 26 25 3 671 7 763 93 854 95 
26 23 29 24 28 3 855 55 841 36 739 15 
30 32 31 26 23 3 867 73 977 98 763 98 
25 21 21 24 22 3 363 87 997 48 483 67 
4 3 3 4 3 3 550 95 627 89 399 74 
27 31 32 26 21 3 978 78 668 95 640 47 
12 11 9 10 10 2 1016 96 850 90 
24 18 23 20 21 3 539 91 630 42 985 69 
16 13 15 14 16 3 382 83 517 45 443 18 
31 30 34 25 29 2 388 3 641 13 
30 36 36 32 36 3 401 81 383 31 505 40 
29 31 34 35 25 3 834 68 882 96 776 23 
3 2 2 2 2 3 506 13 411 69 909 36 
13 12 12 13 11 3 633 55 566 35 942 62 
2 1 1 1 1 3 957 82 786 93 857 89 
39 32 47 45 30 3 857 5 1005 1 552 38 
32 35 25 25 31 3 814 78 491 61 750 0 
18 14 21 19 13 3 647 93 847 25 852 86 
3 2 2 2 2 3 594 12 671 10 396 52 
16 15 19 15 14 3 568 97 800 7 513 44 
1 0 0 0 0 3 910 60 779 81 757 29 
5 3 4 5 5 3 1004 83 805 3 526 61 
19 17 19 19 15 3 453 29 559 74 886 14 
5 4 4 5 4 3 954 17 384 72 583 1 
9 8 8 8 6 3 958 7 897 90 748 39 
25 27 27 30 27 3 847 52 652 82 761 67 
20 20 16 18 19 3 463 88 753 5 517 72 
28 31 24 21 25 3 800 52 419 95 528 57 
33 26 25 30 40 3 792 37 780 77 441 25 
34 25 40 37 28 3 565 69 828 72 568 82 
30 36 30 34 25 3 672 26 378 51 670 69 
38 41 46 36 35 3 652 94 724 14 707 76 
26 28 24 24 30 3 740 17 739 71 629 96 
19 15 19 14 22 3 739 67 704 11 878 9 
25 20 19 29 18 3 659 41 720 43 586 10 
38 41 43 31 45 2 964 61 936 67 
28 23 34 27 33 2 780 92 772 10 
34 34 27 30 37 3 842 75 686 57 464 66 
0 0 0 0 0 3 466 84 489 66 871 16 
10 7 7 10 9 3 953 28 989 2 531 17 
30 34 31 24 25 3 402 67 422 81 524 7 
36 37 36 27 28 3 1014 16 629 37 945 10 
12 12 12 12 12 3 983 92 634 67 850 97 
29 28 33 27 23 3 897 37 992 8 916 39 
6 4 6 4 5 3 983 61 565 91 892 63 
2 1 1 1 1 3 968 44 832 56 547 61 
12 13 11 12 11 3 990 0 614 20 530 45 
9 10 9 10 7 3 856 65 515 76 902 68 
24 26 22 18 27 3 589 78 523 5 894 64 
19 18 14 17 19 3 1020 99 561 9 407 97 
14 13 12 11 10 3 652 27 965 13 584 26 
18 15 15 14 20 3 842 99 1013 83 458 17 
6 4 4 6 4 3 750 36 667 8 873 93 
19 19 19 20 17 3 813 11 905 46 818 16 
0 0 0 0 0 3 1006 79 803 15 614 4 
17 19 17 19 14 3 798 41 540 54 935 64 
6 5 5 4 4 3 429 4 909 41 866 72 
25 19 25 19 25 3 933 5 508 38 813 62 
16 12 15 19 15 3 437 76 414 28 460 2 
19 19 15 19 19 3 771 53 914 18 804 17 
7 6 6 7 5 3 537 63 572 9 797 96 
24 22 18 25 20 3 534 43 1014 2 686 69 
30 24 36 25 22 3 580 70 779 25 615 27 
21 23 20 24 16 3 1009 55 917 22 538 41 
1 0 0 0 0 3 515 44 501 17 842 74 
32 30 35 29 33 3 800 30 778 18 855 29 
3 2 2 2 2 3 1001 23 595 53 785 93 
23 24 19 26 23 2 845 21 565 32 
28 26 26 24 31 3 961 36 642 30 627 96 
4 4 4 4 4 3 843 18 890 44 801 46 
10 7 9 8 9 3 805 28 568 17 476 49 
38 28 40 45 34 3 972 29 1014 45 787 45 
18 19 14 19 14 2 723 0 913 92 
33 28 39 33 35 3 532 78 887 5 970 70 
26 25 24 26 29 2 853 41 800 23 
4 3 4 4 4 3 485 37 797 67 615 12 
33 29 32 35 26 3 521 46 723 44 968 78 
30 26 36 25 23 2 689 69 1015 50 
38 30 28 46 33 3 710 35 560 31 488 65 
6 5 6 4 6 3 732 82 646 96 694 40 
13 11 11 15 10 3 655 58 673 27 725 37 
10 9 8 8 8 1 726 85 
3 2 2 2 2 3 910 52 903 37 902 26 
14 11 13 15 12 3 573 63 483 80 774 67 
20 24 22 24 22 3 482 36 670 26 829 91 
11 11 11 9 9 3 509 68 880 94 854 92 
32 35 37 31 27 3 617 30 568 36 820 7 
7 6 6 7 6 1 533 61 
19 18 18 15 21 3 940 14 759 87 958 94 
8 7 7 8 7 3 998 90 695 65 858 30 
31 34 26 24 30 3 944 44 939 86 506 11 
3 2 2 2 2 3 941 24 523 17 703 73 
17 17 15 17 13 3 943 7 804 8 648 54 
21 19 19 23 25 2 964 66 981 43 
3 2 2 2 2 3 855 78 660 6 561 7 
6 4 5 4 5 3 795 31 723 81 820 2 
6 5 4 6 5 3 665 8 1012 60 908 69 
31 31 32 27 29 2 549 21 679 31 
27 20 30 29 32 3 660 6 478 3 887 63 
14 14 13 15 10 3 727 39 620 35 624 25 
39 29 32 37 32 3 978 43 664 73 730 23 
29 33 34 21 23 3 688 86 911 44 938 99 
21 23 19 20 24 3 649 68 955 52 951 62 
20 18 17 20 22 3 929 60 480 7 762 31 
8 6 8 9 8 3 910 64 622 1 881 56 
15 11 16 13 17 3 682 22 483 37 727 21 
0 0 0 0 0 3 944 19 594 94 990 51 
12 13 11 13 9 3 809 61 472 53 965 73 
32 29 29 37 38 3 494 74 608 32 700 46 
35 39 41 28 29 3 650 34 666 78 658 5 
24 26 23 20 29 2 522 55 763 60 
16 15 12 19 19 3 857 34 951 1 679 62 
27 32 30 26 22 3 535 18 518 33 715 44 
10 8 10 10 7 2 735 41 520 59 
6 4 4 6 4 3 514 8 930 55 505 94 
36 40 39 37 37 3 710 16 521 85 622 29 
20 24 23 22 21 3 845 98 768 47 970 31 
15 16 15 13 11 3 866 34 639 72 612 41 
1 0 0 0 0 3 556 31 653 75 641 80 
29 23 27 29 22 3 963 10 652 73 769 70 
0 0 0 0 0 3 698 25 805 30 563 65 
35 39 33 35 35 3 895 41 692 96 982 18 
3 2 2 2 2 3 874 93 851 80 809 60 
19 21 14 14 16 3 645 62 998 77 886 96 
12 11 12 9 14 3 552 31 899 80 711 10 
7 5 6 6 6 3 471 53 669 72 757 43 
20 16 15 23 20 3 567 82 560 7 895 46 
36 41 27 31 35 3 548 91 804 70 1002 44 
30 28 24 25 34 3 588 28 555 75 711 88 
20 21 15 19 23 2 887 17 527 57 
38 34 28 38 34 3 723 31 741 7 576 16 
1 0 0 0 0 3 595 68 909 64 889 98 
2 1 1 1 1 3 953 5 762 1 1014 14 
23 18 17 18 26 3 684 83 581 15 936 40 
6 6 6 6 4 3 763 35 514 29 957 53 
23 22 21 27 18 3 510 72 908 68 572 81 
28 21 22 23 33 3 779 40 978 55 487 83 
23 26 19 20 27 3 628 30 666 14 645 40 
6 6 4 5 4 3 991 9 840 85 625 52 
4 4 4 3 4 3 773 31 984 88 758 27 
10 11 8 10 8 3 667 67 848 59 788 86 
19 17 19 19 14 3 803 71 984 99 831 43 
14 10 10 14 14 3 713 69 891 17 563 40 
24 25 25 26 23 1 597 9 
24 27 19 20 24 3 815 91 692 8 1009 98 
14 16 12 15 16 1 560 73 
16 17 17 13 13 2 748 35 588 98 
7 6 7 5 6 3 815 52 890 47 737 7 
15 12 17 13 14 2 582 8 583 13 
6 5 5 4 4 3 800 14 676 97 679 41 
25 26 28 26 23 3 756 52 842 78 663 77 
31 36 24 34 24 3 795 10 713 72 906 34 
29 30 25 26 29 3 941 33 731 5 988 40 
38 29 30 46 41 3 814 21 994 59 899 25 
14 12 12 11 14 2 974 17 689 36 
3 2 2 2 2 2 974 93 705 97 
25 21 25 22 27 3 883 60 809 42 609 66 
2 1 1 1 1 2 790 60 1018 46 
7 5 5 6 6 3 978 99 566 4 604 79 
0 0 0 0 0 3 728 43 858 14 899 86 
34 27 29 27 34 3 931 20 722 45 707 6 
4 4 3 3 3 3 904 12 669 17 569 15 
22 19 25 26 26 3 753 44 887 61 992 94 
12 9 13 11 10 3 646 68 979 14 974 33 
37 45 33 38 37 2 590 77 582 71 
22 22 23 22 19 1 878 92 
13 9 10 11 9 2 955 51 974 32 
3 2 2 2 2 3 784 17 732 38 591 89 
4 3 3 3 3 3 608 31 755 23 624 6 
22 24 17 19 26 3 778 1 826 56 966 44 
8 9 9 9 7 3 945 44 947 98 767 20 
36 42 38 39 28 3 836 13 614 30 613 23 
9 10 7 8 7 2 756 98 930 63 
37 39 41 30 32 3 917 84 943 26 807 19 
18 16 21 13 16 3 721 12 984 10 656 36 
21 23 19 24 18 3 680 99 1013 23 989 16 
21 18 18 24 24 3 995 97 799 45 777 8 
19 20 15 14 19 3 850 1 704 13 804 90 
35 31 30 39 33 2 925 61 739 1 
37 37 40 30 38 3 770 69 601 23 580 15 
31 31 24 33 35 3 817 18 906 3 805 90 
13 12 15 10 12 3 985 25 608 92 802 82 
21 20 17 15 25 3 893 60 991 81 711 89 
24 22 23 28 27 3 982 2 772 38 1014 0 
34 31 30 31 28 2 596 32 985 81 
7 6 5 7 6 3 810 97 1022 33 905 25 
12 14 9 12 14 3 719 23 600 36 984 64 
4 4 4 4 3 3 1016 15 573 6 768 28 
9 8 10 8 10 3 647 95 589 32 970 65 
2 1 1 1 1 3 791 93 844 2 578 8 
38 43 32 45 39 3 879 38 835 88 843 32 
25 19 28 27 22 2 829 85 790 69 
15 12 11 11 11 2 996 48 689 91 
5 4 5 3 3 3 931 53 861 95 564 31 
9 7 8 6 10 3 811 41 586 86 762 57 
6 6 6 6 4 2 674 85 1012 52 
36 33 41 27 35 3 887 39 674 61 694 30 
2 1 1 1 1 3 794 97 692 60 679 82 
26 19 25 30 25 3 742 83 989 8 625 90 
2 1 1 1 1 3 659 94 878 26 792 19 
1 0 0 0 0 3 836 99 975 38 661 30 
12 12 10 14 9 3 952 72 812 61 572 85 
3 2 2 2 2 3 944 1 965 82 823 5 
33 32 33 31 29 3 896 82 571 54 906 72 
37 29 42 33 34 2 981 79 705 1 
29 26 26 24 26 3 636 53 884 68 657 27 
21 18 17 20 23 3 890 36 649 98 710 94 
31 34 31 34 33 3 710 87 876 67 828 87 
19 18 15 19 18 3 836 79 577 20 992 50 
32 39 35 24 36 3 789 2 598 1 603 57 
22 20 17 18 17 3 814 16 972 74 780 30 
6 5 5 5 6 2 992 1 594 43 
7 6 7 6 5 3 694 80 759 68 647 81 
9 8 6 7 9 3 632 68 976 34 648 59 
9 7 10 10 8 3 592 40 943 36 574 54 
20 19 17 16 18 2 860 64 586 10 
22 22 25 26 17 3 646 78 713 58 992 66 
38 29 41 28 32 3 656 2 784 85 917 62 
17 15 16 15 17 3 963 97 893 90 699 1 
30 34 32 26 27 2 592 80 668 89 
9 10 6 9 7 3 590 4 708 82 775 88 
9 6 8 9 8 3 628 37 912 4 824 56 
33 25 24 32 25 2 910 85 602 28 
1 0 0 0 0 3 652 81 662 44 810 75 
23 26 18 19 23 3 801 83 741 56 616 35 
22 22 21 22 25 3 672 15 951 74 832 26 
20 21 23 18 24 3 744 0 835 72 893 75 
3 2 2 2 2 3 582 71 710 15 852 89 
27 21 27 20 20 3 707 28 776 86 950 46 
11 8 10 12 12 3 914 11 730 50 784 13 
24 27 22 24 25 2 943 39 650 0 
19 16 20 19 14 2 989 85 1007 27 
32 29 24 26 27 1 992 23 
32 28 35 36 29 3 983 22 834 45 743 80 
36 42 39 39 38 3 669 58 973 84 901 47 
18 20 20 16 18 2 703 91 781 49 
10 10 7 11 10 3 671 31 807 98 972 56 
28 21 24 31 23 3 964 13 631 14 800 84 
26 25 31 22 27 3 766 61 739 44 1020 44 
5 4 5 5 4 3 907 76 954 1 698 90 
25 27 22 19 30 3 894 26 736 64 893 21 
20 16 18 15 19 3 765 59 734 61 881 85 
25 25 18 28 22 2 784 79 632 94 
16 17 14 13 18 3 694 6 1021 76 1015 38 
19 20 17 17 14 2 697 93 694 51 
32 38 28 32 30 2 1008 56 746 6 
18 13 20 21 16 2 1022 73 792 31 
6 5 4 6 6 3 1001 29 771 60 1018 71 
36 36 31 33 35 1 713 12 
29 31 29 34 22 3 711 71 718 32 736 40 
24 22 26 20 20 3 660 65 905 36 773 17 
38 31 42 32 41 2 695 80 811 42 
24 27 24 22 18 2 920 10 931 37 
36 35 39 30 32 3 965 32 999 48 668 37 
33 33 24 27 33 3 871 35 913 97 974 70 
31 24 33 36 31 3 909 10 925 39 698 84 
19 22 15 16 17 3 776 1 764 53 762 81 
1 0 0 0 0 2 899 60 787 27 
9 10 9 8 9 3 857 45 815 88 1000 42 
14 14 12 16 14 3 864 42 646 60 1023 96 
8 7 6 9 6 3 969 93 753 16 968 14 
18 19 16 19 21 3 785 80 931 24 711 75 
4 4 3 3 3 2 851 71 906 60 
7 5 7 6 7 1 928 5 
8 7 7 7 9 3 989 28 694 28 832 55 
2 1 1 1 1 3 928 5 763 97 750 10 
13 10 14 11 10 3 986 73 943 10 677 52 
14 12 13 12 13 3 796 40 792 58 867 1 
12 11 10 14 14 3 910 93 643 23 725 91 
30 30 27 29 30 3 865 77 658 9 844 50 
10 11 10 9 7 3 823 24 685 9 945 79 
34 36 35 26 25 3 894 58 749 69 880 52 
12 13 9 10 10 3 1019 65 677 5 786 46 
11 11 11 11 11 3 781 87 999 52 832 56 
4 3 3 3 4 3 1010 80 1018 60 839 16 
28 32 33 23 31 3 830 41 990 50 650 79 
24 20 23 27 29 3 683 23 764 88 943 89 
16 12 19 12 12 3 949 21 932 39 668 25 
22 24 19 16 24 3 864 80 936 60 748 76 
31 23 32 29 27 3 998 58 981 6 809 79 
4 3 3 4 3 3 726 98 685 16 895 86 
14 14 10 13 11 3 856 26 637 57 682 61 
7 7 6 5 5 3 860 85 702 12 1006 38 
38 43 29 34 33 3 718 15 921 67 668 3 
27 26 29 28 26 3 920 92 949 65 772 91 
26 21 22 19 30 3 961 57 876 4 809 37 
34 34 38 39 37 3 1022 47 817 78 1012 24 
35 31 40 38 38 3 650 28 986 89 664 50 
39 33 29 36 36 3 803 65 973 58 742 45 
5 5 4 5 4 3 725 39 912 6 892 64 
39 31 30 45 29 3 784 48 880 16 822 4 
9 6 8 6 10 3 793 72 853 93 806 55 
18 21 21 13 20 3 731 81 696 72 810 64 
11 11 12 12 9 3 685 18 917 69 934 27 
37 36 30 34 35 3 808 38 757 22 641 1 
7 6 5 5 6 3 718 80 901 3 767 84 
16 14 16 15 16 3 988 63 947 71 776 53 
17 18 15 16 17 3 878 72 688 40 635 55 
8 7 6 7 8 3 908 42 954 21 875 11 
16 12 17 12 19 3 973 51 885 1 653 23 
18 19 19 13 17 3 744 2 769 29 1003 78 
4 3 3 4 4 2 976 86 892 82 
33 24 39 37 27 2 1006 2 800 0 
6 5 5 6 5 3 745 74 887 70 1002 22 
19 17 18 22 19 3 758 53 740 69 873 21 
29 30 28 25 22 2 931 10 790 58 
25 28 30 21 26 2 876 39 726 51 
12 10 11 14 9 3 992 41 772 28 941 53 
31 32 26 31 33 3 1020 64 973 58 740 3 
4 4 4 3 3 1 824 29 
7 5 7 5 5 2 789 8 786 91 
2 1 1 1 1 3 977 88 1021 61 754 60 
19 16 20 16 20 3 833 12 752 13 935 65 
17 18 14 14 13 2 814 40 958 94 
10 11 7 11 9 0  
34 27 38 41 26 2 953 70 895 79 
11 9 9 8 10 2 999 65 974 97 
6 4 6 5 4 3 925 72 758 73 926 0 
19 21 21 19 20 3 955 99 1001 19 752 6 
21 23 22 23 21 3 1023 15 948 70 838 84 
8 8 6 9 8 3 999 20 915 17 985 35 
17 15 14 18 15 3 919 91 853 30 961 74 
14 12 12 11 14 3 883 66 966 30 801 41 
7 5 5 7 5 2 935 16 1011 23 
30 26 36 28 31 2 992 24 954 85 
0 0 0 0 0 2 993 21 757 69 
16 13 14 18 19 3 994 57 911 65 908 56 
0 0 0 0 0 3 760 82 824 12 947 54 
14 11 11 16 12 3 888 99 890 8 800 69 
37 39 40 27 28 2 890 9 721 78 
12 12 14 9 10 3 833 50 1001 0 972 22 
6 6 6 5 6 2 775 71 725 27 
7 6 5 6 5 3 854 57 750 78 953 52 
5 4 5 3 3 2 794 25 801 16 
13 14 15 12 9 2 756 45 959 28 
0 0 0 0 0 3 739 97 871 45 1000 27 
20 19 24 24 17 3 918 25 844 57 784 16 
0 0 0 0 0 3 952 33 1023 48 1004 83 
19 14 18 14 14 2 831 48 1013 13 
38 31 43 41 28 3 1002 5 732 84 835 27 
0 0 0 0 0 3 723 8 1022 71 895 42 
21 25 23 23 20 3 746 38 899 73 829 31 
4 4 4 4 3 3 875 45 1007 28 848 61 
35 37 33 40 37 3 822 91 991 98 725 2 
38 45 36 36 29 2 836 59 827 95 
36 39 27 33 33 3 753 7 781 5 893 95 
30 28 24 33 33 3 783 56 809 93 776 92 
0 0 0 0 0 3 957 9 759 45 902 1 
0 0 0 0 0 3 989 45 912 67 856 51 
3 2 2 2 2 3 810 64 826 65 870 11 
36 32 30 44 30 3 921 12 956 58 958 27 
9 10 7 8 9 3 879 89 872 45 821 84 
37 39 37 36 37 3 765 38 867 97 848 61 
26 25 30 28 22 3 931 61 948 26 900 87 
8 9 6 9 9 3 904 32 853 9 905 32 
0 0 0 0 0 3 795 89 762 44 1015 92 
29 27 24 33 26 3 819 77 970 92 737 31 
26 27 23 21 23 3 915 22 919 54 770 56 
15 12 16 14 17 3 760 34 896 18 898 11 
18 21 16 13 19 2 1001 51 905 60 
13 15 13 13 9 3 936 97 766 90 813 58 
25 27 30 22 25 3 922 37 891 80 817 88 
38 42 34 40 32 3 777 31 1008 33 805 24 
34 27 27 34 29 3 843 68 837 88 863 79 
31 29 31 34 26 3 890 89 954 89 796 55 
0 0 0 0 0 2 957 89 833 74 
35 36 30 36 31 3 975 80 893 19 965 96 
14 13 10 12 16 3 761 11 822 46 806 79 
4 3 4 3 3 3 865 48 954 17 845 96 
10 7 7 7 8 3 975 29 852 31 890 18 
13 15 15 13 11 3 755 4 780 89 885 10 
10 11 11 7 9 3 965 75 923 26 907 74 
27 23 25 26 28 2 883 43 759 5 
21 15 23 16 18 3 956 33 852 29 1004 96 
21 25 22 16 22 3 741 69 790 28 968 91 
26 19 19 21 26 3 721 3 906 66 1017 12 
13 10 12 12 15 3 772 21 895 74 884 22 
19 15 16 22 17 3 970 74 928 57 997 78 
8 9 7 7 7 3 844 19 894 66 962 47 
34 36 27 30 31 3 902 79 935 79 820 35 
10 9 7 11 7 3 810 57 816 92 813 20 
15 17 13 13 13 3 852 67 882 22 905 58 
39 45 41 35 47 2 943 45 754 45 
11 10 12 8 9 3 833 33 868 65 940 22 
1 0 0 0 0 3 842 13 862 30 874 14 
2 1 1 1 1 3 979 20 810 51 728 30 
9 6 8 6 7 3 938 19 919 53 843 41 
20 17 17 15 24 3 890 80 985 15 996 29 
36 31 40 40 40 3 948 19 975 26 862 21 
12 13 9 11 11 2 874 92 797 86 
10 8 11 11 11 3 842 72 854 70 938 81 
33 39 40 28 34 3 824 36 816 91 849 33 
25 29 21 23 20 3 877 41 908 82 1016 24 
0 0 0 0 0 2 989 11 937 74 
24 27 22 22 18 3 949 21 1008 79 925 44 
15 16 15 15 15 2 889 31 1019 45 
23 27 24 17 22 2 889 46 782 10 
9 9 6 6 8 3 991 30 827 50 875 41 
3 2 2 2 2 3 903 60 811 95 817 59 
38 33 45 44 36 2 870 30 820 15 
1 0 0 0 0 3 795 2 796 5 847 55 
16 14 19 16 17 2 946 59 832 53 
36 28 42 33 33 3 803 41 794 79 859 64 
30 24 33 28 28 3 805 51 775 10 859 86 
29 24 25 28 35 2 784 86 856 24 
25 30 20 27 25 3 892 62 826 19 950 62 
22 19 26 20 22 3 817 44 1006 86 921 10 
15 15 16 13 11 3 968 77 877 64 883 55 
5 5 5 4 5 3 808 5 938 88 816 66 
22 21 17 18 19 2 944 60 821 42 
26 22 26 27 28 3 827 6 988 50 801 50 
9 10 6 9 6 3 1019 35 869 46 899 18 
17 12 19 18 20 1 957 60 
20 24 16 15 17 3 908 17 831 97 1015 27 
8 8 7 9 8 2 776 73 819 6 
37 44 45 36 36 3 867 26 844 42 967 37 
25 22 28 30 30 3 982 11 849 52 973 95 
26 23 29 26 26 3 892 20 797 75 943 43 
32 36 31 29 28 3 1023 98 974 83 924 0 
29 31 24 35 23 3 910 87 807 26 1007 49 
30 24 27 35 30 2 803 21 990 81 
14 12 14 12 11 3 798 87 965 92 980 40 
17 15 19 15 14 3 865 6 881 64 992 94 
31 35 36 37 31 3 857 51 929 64 988 42 
39 37 35 29 32 3 817 37 882 38 808 66 
19 22 14 22 20 2 996 0 909 99 
25 26 27 22 24 3 911 55 963 38 936 46 
26 19 19 23 31 3 944 46 965 76 776 83 
36 38 42 40 36 3 954 35 966 49 802 95 
5 4 3 4 4 3 826 16 949 86 801 62 
2 1 1 1 1 3 782 60 807 73 988 59 
3 2 2 2 2 3 1009 60 800 66 884 86 
16 17 16 17 19 3 863 95 838 25 891 30 
10 10 10 9 8 3 973 17 940 13 819 86 
33 28 33 35 38 3 1017 60 946 93 839 16 
34 38 28 37 29 3 1003 19 954 9 817 81 
19 14 21 15 21 3 1018 24 1003 80 951 26 
9 7 7 9 7 3 854 94 993 55 792 91 
21 17 22 18 16 2 999 50 820 98 
15 13 14 15 11 3 858 4 779 4 937 10 
20 20 20 17 18 3 922 79 847 65 867 27 
33 25 36 40 32 3 972 16 912 63 914 77 
15 14 13 11 12 3 880 82 952 5 978 33 
14 12 14 11 15 3 839 81 862 60 848 35 
25 27 23 19 18 3 842 18 791 20 865 47 
1 0 0 0 0 3 983 13 862 5 931 32 
16 14 14 15 18 3 808 47 798 32 776 60 
4 3 3 4 3 1 915 37 
32 31 33 35 33 2 945 95 919 37 
26 27 21 29 29 3 943 57 923 48 919 98 
30 26 26 25 28 2 934 11 954 1 
36 34 44 32 29 3 908 22 926 87 882 91 
16 12 15 15 15 2 1005 34 955 61 
14 13 10 15 12 2 954 93 860 85 
7 5 5 6 7 2 990 87 987 83 
27 25 22 23 28 1 881 94 
38 38 34 42 40 2 1012 46 868 3 
4 4 3 4 4 1 985 72 
31 26 33 32 23 2 1001 15 909 8 
9 7 7 6 8 1 982 18 
0 0 0 0 0 2 907 57 962 50 
35 41 34 36 39 2 935 45 887 63 
18 14 19 21 13 2 989 40 1021 6 
0 0 0 0 0 2 924 57 877 73 
19 22 19 19 18 3 931 74 895 11 903 44 
22 17 17 22 18 2 936 56 981 54 
33 28 38 30 31 3 905 80 883 31 943 77 
7 7 7 5 6 2 889 65 1005 73 
27 20 30 32 32 2 1013 8 1001 54 
14 11 12 10 12 3 1015 78 986 46 1021 3 
18 14 13 18 21 2 1013 35 943 37 
16 18 19 14 18 2 945 14 872 6 
5 3 3 5 3 3 1022 7 891 12 991 93 
16 16 14 17 19 2 989 0 938 11 
8 7 9 8 6 2 887 83 875 97 
37 35 37 28 39 2 899 3 969 2 
39 41 35 46 31 3 858 6 867 57 929 45 
3 2 2 2 2 2 990 62 871 7 
5 5 5 3 3 3 914 59 1006 64 918 44 
38 36 36 28 35 3 964 54 1013 59 858 71 
3 2 2 2 2 3 916 56 945 75 962 58 
20 23 21 20 21 1 944 61 
33 26 39 27 33 3 911 63 880 44 940 10 
10 7 10 7 11 2 939 88 998 62 
15 11 14 13 11 1 926 96 
6 5 6 4 6 3 958 20 864 64 912 98 
26 29 19 29 26 2 1020 25 955 35 
2 1 1 1 1 2 933 83 859 25 
2 1 1 1 1 3 962 35 880 67 926 63 
6 4 4 4 5 3 884 29 930 60 978 30 
35 42 28 32 39 3 999 16 882 62 911 93 
14 12 13 15 10 1 956 3 
17 18 18 15 14 2 997 75 971 96 
11 8 10 9 9 3 941 51 961 26 911 75 
15 17 11 15 12 1 1009 6 
24 23 26 21 22 3 871 16 944 11 995 49 
14 14 16 14 10 1 983 20 
14 15 11 14 13 3 979 92 876 74 953 17 
34 26 35 37 36 3 867 87 878 72 1009 2 
3 2 2 2 2 3 1001 63 1022 12 962 65 
7 6 6 6 6 2 969 81 903 15 
8 9 9 7 9 3 911 67 860 9 959 77 
16 12 19 12 18 3 882 81 976 24 900 83 
18 21 15 19 17 3 859 97 954 52 985 11 
8 8 8 7 9 2 930 81 936 55 
13 11 15 14 10 2 936 63 960 26 
31 26 30 37 36 3 917 19 1020 20 1004 1 
0 0 0 0 0 2 945 33 968 11 
5 4 3 4 5 3 929 53 930 65 922 0 
10 10 7 8 7 2 1018 8 990 55 
28 22 33 34 25 3 882 18 886 72 916 32 
35 27 39 34 30 3 1008 98 943 10 931 12 
38 45 44 31 31 3 867 56 929 2 932 59 
32 26 30 33 30 3 948 32 918 91 1001 69 
6 4 4 5 5 3 918 98 877 47 953 56 
19 21 21 14 20 3 978 78 1014 16 919 86 
1 0 0 0 0 3 946 69 899 83 1022 6 
8 8 8 6 9 3 999 65 954 51 975 67 
24 27 20 27 19 3 964 51 882 11 946 28 
13 10 11 11 13 2 905 65 944 22 
35 31 33 36 29 3 1016 22 1008 44 1010 85 
31 24 35 31 29 3 858 57 877 3 1021 1 
4 4 4 4 3 2 928 98 997 4 
21 19 15 21 15 3 1019 50 938 52 884 82 
18 16 20 17 21 3 936 0 997 75 1012 75 
4 3 4 3 3 3 1015 35 950 73 905 72 
38 35 41 46 42 3 861 4 983 75 977 15 
33 40 33 29 37 3 1001 49 958 78 882 91 
1 0 0 0 0 3 975 92 907 3 889 4 
24 29 24 20 28 3 918 93 970 6 905 86 
22 21 16 26 19 1 997 34 
24 23 22 18 21 0  
8 9 6 9 7 1 937 56 
2 1 1 1 1 1 990 70 
30 23 32 31 32 2 991 53 998 93 
34 34 30 31 38 1 967 57 
4 3 3 3 4 1 950 95 
15 14 14 16 15 3 980 18 939 15 985 67 
1 0 0 0 0 2 961 15 1021 63 
1 0 0 0 0 2 943 7 945 63 
14 12 12 15 15 1 1009 19 
26 29 23 28 23 2 965 65 959 99 
37 44 32 36 31 3 1015 40 1013 35 980 18 
32 24 35 39 32 2 967 25 968 25 
18 16 15 15 14 0  
39 47 34 42 47 2 987 99 1007 82 
15 16 16 13 17 3 989 56 999 98 1017 66 
25 26 26 28 28 3 938 30 977 30 955 68 
5 5 4 5 5 3 954 19 1023 59 984 42 
35 33 37 39 27 2 964 45 1012 70 
22 20 24 16 26 3 957 98 990 45 1003 14 
6 4 5 6 4 0  
30 27 28 24 33 1 948 35 
21 25 21 25 23 1 951 72 
7 6 5 7 7 2 960 63 1019 73 
15 13 14 14 17 3 1020 53 961 39 1019 29 
4 4 3 4 4 2 1012 14 1021 45 
34 39 34 28 25 1 1005 8 
39 41 40 41 35 2 985 93 1002 18 
4 4 4 4 4 1 988 88 
15 13 11 15 16 3 1018 28 982 24 1003 27 
37 36 41 29 31 0  
38 39 41 32 41 2 981 14 961 39 
20 22 16 16 23 3 961 36 962 52 1019 73 
28 23 25 26 27 1 1002 59 
3 2 2 2 2 1 992 7 
27 32 21 30 29 3 966 68 969 54 944 97 
35 31 26 31 42 1 964 95 
2 1 1 1 1 3 939 38 946 6 976 38 
11 10 9 11 11 2 1018 26 971 6 
15 14 13 12 16 1 993 51 
26 22 31 22 29 3 972 10 943 19 938 15 
7 5 7 5 5 1 1003 63 
23 20 25 18 19 3 1007 39 996 96 1010 56 
38 37 33 41 33 2 995 44 962 27 
9 7 9 8 9 3 1008 10 972 84 1007 40 
34 35 26 33 27 2 948 35 971 7 
11 10 9 12 8 2 957 27 995 26 
3 2 2 2 2 3 962 61 969 42 990 23 
18 13 21 20 21 2 1014 60 953 72 
28 23 24 21 26 2 1021 3 938 17 
13 12 10 13 15 2 989 3 974 88 
27 25 20 20 26 3 937 6 979 21 968 29 
5 5 4 5 5 2 988 88 1004 86 
1 0 0 0 0 0  
16 12 14 12 17 2 946 12 1007 42 
34 35 27 37 41 1 1012 89 
26 28 21 27 30 2 1016 38 958 57 
35 39 37 30 37 2 1018 75 1001 57 
14 15 10 15 14 3 975 36 949 75 1020 31 
30 29 34 26 30 3 952 5 954 81 938 96 
9 6 6 6 7 2 961 90 1020 89 
15 15 14 11 16 3 992 85 944 80 954 32 
37 28 38 38 41 2 983 97 1001 14 
25 30 20 19 28 3 967 52 984 42 1009 77 
17 13 15 13 17 3 949 38 936 48 979 18 
27 25 31 29 30 2 992 11 1011 14 
16 12 17 17 18 3 1009 11 1008 44 980 91 
4 4 3 3 4 3 946 42 941 38 985 27 
14 15 10 15 10 3 953 54 1012 69 980 70 
12 12 13 9 13 2 943 89 941 11 
20 22 15 23 17 3 960 96 969 89 1004 22 
23 22 22 22 27 3 940 16 963 72 1022 42 
34 26 31 38 41 3 1010 56 971 2 959 89 
20 19 16 17 19 3 956 95 967 31 1023 44 
36 29 28 35 42 3 969 82 1021 70 949 6 
39 29 32 30 31 2 970 44 1015 15 
6 5 4 6 6 3 941 23 999 23 1014 45 
23 27 23 26 25 1 1001 54 
38 45 34 38 43 2 1001 68 1009 7 
21 20 19 22 16 1 1015 72 
32 30 27 32 26 0  
31 33 34 28 35 1 1013 73 
20 20 22 19 23 2 1022 72 1017 71 
16 18 16 19 12 2 1008 9 1017 98 
2 1 1 1 1 1 1014 72 
9 9 7 6 8 1 1017 95 
33 30 35 36 29 1 1006 43 
18 16 16 20 15 2 1021 45 1020 59 
12 10 13 13 10 2 1018 40 1007 28 
9 8 9 6 9 2 1009 40 1003 18 
0 0 0 0 0 1 1006 21 
0 0 0 0 0 0  
27 28 21 26 30 0  
20 20 19 23 23 0  
6 5 5 6 5 1 1019 79 
10 7 10 7 11 1 1023 43 
9 9 6 6 9 0  
37 28 43 41 36 1 1017 6 
21 15 15 23 22 1 1006 65 
21 20 25 19 19 1 1001 4 
17 14 13 15 12 0  
7 6 5 5 5 1 1022 60 
29 28 24 23 30 1 1008 37 
5 3 5 5 4 0  
7 5 6 7 6 2 1004 46 1009 92 
30 35 23 22 29 1 1015 98 
33 26 35 32 30 0  
25 28 20 30 25 0  
5 4 3 4 4 2 1022 83 1023 14 
17 19 20 15 19 1 1004 82 
27 31 32 20 31 1 1019 34 
3 2 2 2 2 1 1017 41 
37 45 32 30 43 2 1022 36 1004 6 
33 36 34 30 34 1 1016 94 
37 36 45 45 42 3 1018 82 1012 74 1014 87 
18 18 17 19 18 3 1017 28 1018 15 1011 16 
34 40 27 26 40 1 1002 68 
21 25 18 18 21 1 1017 80 
23 23 19 27 25 2 1005 50 1010 94 
7 5 6 7 6 1 1011 34 
34 41 26 34 27 2 1017 25 1011 69 
37 28 31 43 33 2 1011 45 1007 1 
32 31 32 36 33 2 1008 92 1021 67 
4 4 4 4 3 3 1002 19 1011 77 1023 87 
12 13 10 12 11 2 1012 27 1013 40 
19 19 22 22 22 2 1016 6 1017 49 
35 40 33 32 34 2 1016 56 1021 38 
14 16 14 12 10 2 1012 53 1016 2 
14 11 16 12 12 2 1012 65 1003 51 
25 19 26 24 28 2 1013 34 1012 15 
29 29 34 21 30 3 1008 12 1020 97 1015 57 
9 10 10 9 9 3 1022 8 1008 78 1019 29 
2 1 1 1 1 2 1021 54 1006 88 
16 19 19 14 14 0  
3 2 2 2 2 3 1013 41 1022 82 1018 99 
25 20 18 18 23 2 1008 90 1006 43 
1 0 0 0 0 1 1009 13 
14 13 15 15 13 3 1022 21 1021 54 1008 46 
8 8 8 7 8 3 1015 92 1017 40 1007 62 
12 9 10 9 9 3 1001 27 1019 68 1020 80 
16 13 13 14 17 3 1020 55 1005 2 1019 83 
8 9 9 9 7 3 1004 52 1011 80 1017 59 
12 13 12 11 14 0  
34 39 34 30 37 0  
22 19 16 22 23 0  
36 37 32 42 30 0  
2 1 1 1 1 0  
33 34 32 24 24 0  
22 20 25 20 23 0  
27 22 22 20 26 0  
15 16 14 11 15 0  
28 34 24 29 22 0  
13 11 13 10 10 0  
14 13 15 13 15 0  
26 26 26 21 20 0  
19 20 20 22 18 0  
15 12 11 11 12 0  
25 22 25 22 28 0  
33 32 24 31 37 0  
28 29 27 27 25 0  
34 41 38 32 25 0  
19 18 17 17 20 0  
11 10 11 10 8 0  
20 20 19 20 17 0  
27 28 21 26 22 0  

taskCount: 1024 | processorsCount: 4 | shape: 2 | outDegree: 3 | comCompRatio: 1 | compCostRange: 0,5 | height: 24
