32 12
13 8 16 7 15 6 7 10 12 17 16 7 13 1 21 1 
31 16 42 42 27 35 34 23 42 25 23 39 24 3 18 20 8 80 15 72 
31 42 19 15 27 38 19 40 30 43 17 38 43 3 21 49 18 73 10 38 
1 0 0 0 0 0 0 0 0 0 0 0 0 2 29 42 12 56 
34 25 17 23 50 36 22 32 24 21 47 34 40 3 18 18 14 24 10 64 
23 31 24 17 33 16 32 32 21 23 24 18 11 2 19 71 25 97 
0 0 0 0 0 0 0 0 0 0 0 0 0 3 9 68 11 63 7 11 
36 28 45 21 28 48 35 42 19 19 27 32 31 1 16 53 
26 30 25 18 28 16 22 30 31 26 31 24 28 2 16 78 26 13 
36 50 44 21 45 45 39 35 48 41 25 43 21 2 20 70 31 99 
35 27 24 20 45 33 35 42 30 45 40 49 17 3 15 38 28 20 26 26 
25 35 35 32 27 16 23 35 27 33 26 16 29 2 23 84 24 59 
31 44 33 18 20 31 44 33 39 37 31 21 18 3 15 7 28 59 24 60 
25 33 35 14 22 31 36 13 29 14 28 27 36 3 14 74 29 21 26 53 
7 8 6 8 8 9 6 7 8 4 7 3 4 2 22 71 26 58 
29 42 34 17 39 28 33 36 30 34 35 28 36 2 24 43 27 85 
16 10 21 10 21 15 12 13 21 12 10 19 11 1 24 42 
14 8 11 9 12 8 16 19 11 10 7 20 15 0  
15 7 8 8 12 15 15 21 15 20 12 11 13 2 28 6 31 98 
16 19 21 15 18 17 16 20 9 8 8 14 9 2 28 5 25 0 
19 22 15 21 21 13 25 11 21 19 22 21 16 2 23 61 24 73 
32 28 36 28 46 22 42 25 34 42 43 37 27 3 22 31 29 60 28 51 
23 33 14 22 16 22 18 24 19 27 19 19 16 0  
32 45 30 45 41 38 45 33 40 25 39 29 31 1 29 41 
0 0 0 0 0 0 0 0 0 0 0 0 0 2 30 74 29 37 
6 7 8 8 6 5 6 8 6 3 6 7 7 1 29 3 
24 16 25 33 13 26 14 33 18 26 31 32 20 1 30 53 
25 14 32 18 26 30 23 14 23 16 26 36 21 2 29 22 31 98 
39 52 19 52 28 49 36 46 56 36 40 43 31 2 31 4 29 34 
1 0 0 0 0 0 0 0 0 0 0 0 0 0  
22 22 31 16 20 32 19 14 14 20 18 29 11 0  
3 3 3 2 1 2 3 1 1 3 1 3 3 0  

taskCount: 32 | processorsCount: 12 | shape: 1 | outDegree: 3 | comCompRatio: 0,5 | compCostRange: 1 | height: 7
