128 8
39 29 38 27 27 47 23 45 23 4 36 30 124 17 91 38 121 0 
27 20 36 22 29 21 29 33 30 5 106 18 20 3 80 67 41 26 73 47 
19 23 17 13 26 10 27 24 27 5 103 30 16 9 74 84 24 26 115 85 
31 16 16 18 42 22 25 33 44 5 51 63 76 76 117 73 57 85 127 70 
9 12 11 7 7 9 10 6 11 5 59 86 31 89 101 13 27 21 117 15 
2 1 1 2 2 2 2 1 2 4 25 13 97 0 72 73 120 71 
34 32 42 46 29 22 48 24 33 5 44 46 17 69 74 32 104 28 42 63 
35 30 30 38 34 29 30 22 25 5 68 2 77 49 88 67 48 48 40 14 
39 36 26 29 28 42 57 36 41 5 99 37 92 75 71 1 96 99 118 58 
20 28 29 15 24 23 13 11 19 5 87 98 126 80 99 68 118 52 57 48 
10 11 8 7 9 7 12 11 14 5 33 15 48 69 115 17 127 64 50 37 
22 24 31 12 13 28 30 11 30 5 106 85 110 31 92 6 20 86 24 63 
18 17 9 25 11 9 14 12 23 5 41 67 95 40 21 14 106 54 70 77 
10 14 8 6 7 7 6 12 8 4 78 5 40 76 44 79 107 23 
32 25 40 41 32 45 33 18 26 5 61 43 124 90 91 69 102 53 80 9 
24 28 24 15 33 35 16 32 19 4 62 3 118 12 64 28 69 5 
30 38 34 17 29 20 40 21 35 5 86 54 102 17 46 53 124 18 85 44 
39 39 39 56 41 57 36 34 40 5 74 3 41 36 37 34 120 93 20 26 
11 11 12 14 12 9 5 7 12 5 115 11 76 88 81 63 75 73 70 64 
13 16 16 18 18 7 17 16 6 4 95 75 49 89 87 45 44 86 
2 2 2 1 1 1 2 1 2 4 109 96 58 35 103 87 50 91 
15 14 21 13 15 7 16 8 9 5 49 26 112 35 119 61 123 55 51 49 
6 6 6 7 3 3 4 4 4 5 63 78 49 67 107 25 61 7 43 96 
17 11 21 12 12 22 9 22 10 3 39 88 83 95 121 75 
11 10 10 6 15 7 14 8 12 4 56 46 41 93 118 4 36 71 
13 10 17 13 11 17 6 11 18 3 93 43 120 85 35 32 
22 21 23 30 21 14 28 32 14 4 70 82 81 80 36 7 34 3 
6 5 6 5 7 4 4 6 7 5 50 78 49 60 62 25 82 89 100 8 
27 26 28 38 39 30 35 39 35 5 37 8 109 18 62 21 79 64 124 23 
30 33 32 33 29 29 23 20 39 5 35 56 107 47 48 13 53 5 104 17 
28 39 22 38 28 22 33 39 27 5 78 27 42 53 57 65 87 39 62 43 
15 9 18 7 14 17 20 15 7 5 116 8 54 65 81 29 49 73 125 89 
39 35 57 28 54 24 46 49 49 5 76 65 82 17 89 56 38 62 91 26 
13 11 15 10 13 16 14 16 18 5 79 29 102 17 90 20 53 64 48 34 
24 15 20 32 12 23 29 27 24 5 49 82 105 72 56 85 94 27 74 50 
16 23 23 23 13 21 16 20 8 5 57 97 68 38 95 19 49 24 62 69 
37 29 49 28 44 20 47 24 54 3 74 98 83 31 98 14 
19 11 25 13 13 24 18 12 9 5 86 55 94 66 127 89 49 69 85 10 
34 38 20 43 17 39 44 50 23 5 51 4 119 27 66 88 60 60 80 0 
11 11 5 11 9 11 5 12 8 5 74 48 95 19 81 47 98 77 91 75 
26 14 20 25 20 27 15 36 35 5 49 63 119 64 50 40 60 93 125 72 
0 0 0 0 0 0 0 0 0 5 54 63 59 26 74 43 58 52 111 30 
20 29 18 11 25 26 16 19 10 4 60 83 71 46 57 13 109 77 
19 20 18 24 25 24 23 9 13 5 104 74 121 64 53 19 105 59 54 45 
14 18 15 7 9 14 18 8 20 5 57 45 91 26 72 61 58 58 76 0 
18 12 15 20 25 10 9 19 13 5 92 47 116 37 75 18 124 82 85 42 
32 40 41 16 34 24 30 39 21 5 84 15 53 67 96 67 69 85 47 68 
0 0 0 0 0 0 0 0 0 5 63 83 80 53 70 80 92 1 123 68 
27 25 31 31 23 34 26 38 21 5 105 3 57 84 74 61 75 95 84 10 
28 28 33 17 28 19 28 27 25 5 125 47 98 38 95 53 111 7 60 82 
13 14 6 9 9 9 12 15 14 5 56 20 106 17 62 39 93 76 97 57 
30 21 20 27 17 31 36 33 33 5 57 46 105 4 79 68 56 16 59 66 
5 4 6 2 2 2 2 6 6 5 113 21 76 27 83 66 69 31 61 82 
32 16 39 42 39 22 19 31 29 4 57 83 73 46 103 36 96 0 
35 37 32 36 46 35 29 39 40 5 89 61 108 35 73 18 59 15 76 46 
23 27 25 21 23 33 33 21 33 5 80 6 83 67 73 96 97 91 78 58 
21 19 29 16 24 28 25 30 21 4 86 41 73 3 77 48 78 72 
2 1 2 2 2 1 1 1 1 5 101 9 96 56 123 87 77 0 120 98 
19 27 11 11 13 20 14 20 20 4 68 30 95 25 106 36 83 33 
36 38 30 18 53 43 26 42 50 3 116 83 117 52 68 11 
20 20 10 18 22 15 11 18 18 5 123 69 69 6 108 74 112 90 104 8 
28 22 41 24 25 29 16 26 34 5 93 2 113 63 73 21 127 90 76 37 
7 6 3 3 7 8 6 3 4 5 119 37 81 56 111 9 73 72 71 49 
9 12 11 10 4 11 5 10 6 5 70 2 77 61 75 2 71 68 103 94 
32 19 40 20 19 46 26 21 44 5 120 55 104 31 100 46 90 41 116 8 
34 32 32 42 50 26 41 47 21 4 83 91 114 6 77 39 110 50 
22 26 30 30 27 30 26 25 18 4 99 20 81 50 72 82 102 5 
4 2 2 2 3 2 3 3 5 4 118 52 103 12 111 86 89 78 
25 28 23 18 27 21 23 36 25 4 110 31 86 38 79 34 115 25 
15 21 12 16 7 15 13 13 10 4 115 11 97 27 80 2 118 29 
26 36 23 37 26 38 24 17 21 4 88 10 78 12 109 26 90 19 
10 7 8 8 12 8 11 8 11 4 114 51 93 27 113 61 122 89 
5 6 5 2 2 6 2 4 5 5 95 42 115 62 127 72 116 72 125 96 
0 0 0 0 0 0 0 0 0 5 126 10 91 11 113 0 99 80 121 23 
27 38 36 27 14 31 18 29 22 5 81 93 104 16 111 45 115 43 86 71 
1 0 0 0 0 0 0 0 0 5 92 3 106 70 126 17 109 57 99 0 
35 41 37 27 28 29 51 30 17 5 125 73 111 69 105 25 99 39 78 31 
26 24 30 26 31 21 18 26 13 5 126 50 119 94 116 56 124 79 89 75 
2 1 2 1 2 1 2 2 1 4 119 33 108 99 114 85 117 90 
32 32 38 31 19 33 23 30 31 4 120 78 115 61 88 39 125 84 
21 27 15 25 25 22 10 26 27 5 108 97 88 89 85 92 107 43 104 38 
21 12 12 12 10 14 24 26 11 5 103 91 94 23 123 83 108 22 88 5 
19 27 9 16 26 14 24 25 23 5 104 54 127 54 126 75 92 76 125 41 
39 51 22 38 40 30 19 28 53 5 99 28 101 75 90 62 115 84 118 88 
16 16 16 22 13 19 20 19 17 4 96 17 122 1 100 39 125 52 
37 39 18 49 27 36 28 47 31 4 104 52 113 62 118 59 100 30 
10 12 11 8 6 11 9 6 8 4 114 84 105 72 115 27 107 53 
7 8 9 3 9 5 5 6 8 2 115 0 112 28 
18 20 22 20 11 18 17 24 20 5 123 53 110 73 109 3 122 4 119 76 
1 0 0 0 0 0 0 0 0 5 109 39 127 66 120 73 117 32 116 81 
34 42 18 28 49 27 22 44 30 4 127 88 103 40 104 87 125 62 
34 33 32 28 19 24 42 33 38 5 117 82 107 56 100 80 104 2 116 84 
0 0 0 0 0 0 0 0 0 3 105 44 104 18 113 59 
38 41 21 43 52 19 42 30 46 4 111 53 112 56 123 34 106 71 
31 24 36 28 34 19 33 23 31 5 112 92 117 76 111 73 114 85 118 57 
38 34 21 32 53 31 55 56 56 4 101 6 119 61 108 13 112 87 
32 24 46 34 30 45 40 45 21 4 108 56 123 70 127 61 100 9 
10 14 6 8 5 6 8 13 11 5 120 31 104 89 114 37 116 84 110 45 
27 27 37 24 37 16 16 27 20 4 100 22 114 4 119 11 108 60 
19 19 17 27 20 19 16 17 19 4 113 75 106 62 115 16 100 71 
36 20 33 43 30 42 52 24 47 3 124 69 118 2 117 70 
27 27 39 14 24 34 35 19 18 2 114 5 118 79 
15 16 19 18 13 15 8 11 14 4 111 30 113 2 116 81 125 35 
11 7 6 9 7 12 9 15 10 3 125 1 121 83 118 53 
1 0 0 0 0 0 0 0 0 2 115 16 111 94 
2 1 1 2 1 2 2 1 1 4 124 54 112 99 111 23 125 29 
25 31 18 31 31 27 16 26 33 4 113 42 115 98 121 65 111 71 
4 4 3 2 5 2 4 5 5 4 127 54 122 78 114 92 119 31 
5 2 2 3 5 3 3 6 3 2 114 90 118 40 
33 39 28 24 29 45 38 44 37 5 114 66 121 60 125 54 113 10 117 12 
28 32 36 38 22 36 27 22 24 5 111 59 127 36 116 80 124 65 113 92 
35 44 38 24 28 32 20 21 44 3 121 83 120 73 124 37 
39 38 31 44 22 21 20 45 26 3 124 79 121 22 127 62 
26 14 26 33 28 21 15 16 27 1 121 44 
14 18 18 13 10 17 11 12 9 2 124 62 120 94 
38 34 45 26 23 35 44 33 48 2 127 13 126 69 
8 7 5 5 11 7 11 7 5 4 127 29 119 29 123 84 125 74 
8 4 6 7 7 5 11 4 7 3 124 67 123 36 120 29 
32 47 20 41 35 18 21 30 46 4 125 28 126 92 124 93 120 54 
34 20 36 39 42 29 42 47 17 0  
24 27 29 34 32 17 19 23 35 0  
15 17 17 7 14 12 20 15 15 0  
26 21 33 13 17 17 33 13 27 0  
23 14 16 16 30 15 19 30 19 0  
21 11 15 23 12 29 19 20 13 0  
32 35 24 19 17 36 23 23 25 0  
10 11 8 11 8 6 11 8 14 0  
6 6 7 5 5 6 4 5 3 0  

taskCount: 128 | processorsCount: 8 | shape: 1 | outDegree: 5 | comCompRatio: 1 | compCostRange: 1 | height: 16
