64 16
16 18 18 16 18 13 16 12 16 19 19 15 17 14 12 12 14 1 21 81 
34 39 31 31 31 40 36 28 31 25 33 31 33 32 38 36 41 2 19 63 63 37 
7 7 7 6 6 5 6 5 7 7 6 7 5 5 6 5 7 2 15 34 34 14 
14 12 16 11 13 13 15 15 15 14 15 15 14 13 12 13 11 2 52 26 18 8 
8 8 7 6 8 7 7 7 7 7 7 9 7 9 8 7 8 2 55 29 29 78 
33 29 33 36 29 31 35 40 24 37 32 33 36 28 28 28 26 2 32 0 63 95 
33 27 27 26 30 27 30 30 32 35 30 29 36 28 38 34 31 2 30 20 40 77 
9 7 10 6 8 6 9 7 10 10 10 6 9 10 10 6 7 2 34 22 45 89 
34 33 26 41 35 32 31 26 38 40 39 35 33 32 27 31 35 1 27 74 
18 16 14 14 17 13 19 19 13 15 20 21 14 13 13 20 14 2 24 22 47 82 
20 17 16 16 15 18 20 18 22 22 17 20 22 15 18 24 24 2 15 49 29 21 
9 9 10 9 6 6 7 9 9 6 10 9 9 7 10 6 9 2 34 53 27 97 
28 23 32 23 27 31 33 26 26 25 30 31 24 30 34 21 22 1 42 37 
32 31 27 24 34 31 27 30 38 24 39 28 37 37 36 31 39 2 61 30 53 48 
31 28 34 36 34 27 34 24 30 36 35 35 33 34 36 29 30 2 62 91 30 49 
15 16 16 11 11 13 17 13 12 17 13 17 12 14 15 16 16 2 25 7 23 63 
17 17 20 19 17 16 19 14 19 15 18 15 17 15 12 12 20 2 29 5 61 29 
9 10 7 9 9 8 7 9 8 9 6 9 7 10 10 6 9 2 24 75 53 94 
33 25 29 39 31 34 26 27 34 25 27 36 36 34 24 32 39 2 62 22 26 84 
7 6 7 6 6 6 6 5 7 6 5 7 7 7 7 5 7 2 29 59 61 51 
38 46 34 32 36 42 42 33 46 38 42 29 28 40 34 29 32 1 32 10 
19 18 18 17 15 15 22 18 19 16 14 16 19 22 19 19 22 1 29 63 
1 0 0 0 0 0 0 0 0 0 0 0 0 0 0 0 0 2 44 44 27 21 
31 25 31 35 31 28 33 27 31 23 28 35 33 26 29 30 25 2 29 56 49 92 
28 26 34 28 26 34 33 24 29 32 33 28 33 30 31 33 30 2 59 10 36 32 
3 2 2 2 2 2 2 2 2 2 2 2 2 2 2 2 2 2 39 56 35 95 
31 37 29 25 36 32 27 29 32 26 30 31 30 27 28 32 34 2 60 59 53 46 
29 24 21 23 27 32 30 24 23 23 35 24 26 35 35 23 25 2 53 55 32 60 
16 13 12 15 14 14 15 19 17 15 14 14 15 18 14 17 19 2 36 26 37 99 
20 24 20 20 17 19 16 15 23 22 16 20 21 19 22 21 16 2 56 87 47 68 
27 24 32 31 29 23 21 26 23 26 31 22 21 23 26 20 25 2 43 57 61 39 
16 17 13 18 17 14 14 15 19 14 13 16 19 14 14 13 15 2 61 50 50 10 
18 15 17 13 15 16 14 19 20 18 14 17 16 20 15 20 16 1 57 57 
37 38 28 44 44 45 36 39 35 28 32 28 27 27 37 41 35 0  
22 26 24 21 17 25 19 24 26 18 24 26 24 16 24 16 18 1 40 93 
15 12 11 11 14 15 15 13 11 13 13 14 11 14 16 13 13 2 48 23 59 37 
23 27 27 26 21 23 21 22 24 19 17 18 19 20 22 27 24 2 54 91 61 15 
7 6 5 5 7 6 6 6 5 7 6 7 5 7 7 5 7 2 53 50 60 53 
14 11 13 12 15 14 12 15 15 16 12 10 10 13 16 10 13 2 44 63 51 0 
0 0 0 0 0 0 0 0 0 0 0 0 0 0 0 0 0 2 43 23 54 81 
7 6 6 6 6 7 5 5 7 5 6 7 7 5 6 7 6 2 44 22 53 20 
37 42 28 29 38 37 36 40 45 32 41 28 27 45 27 39 35 1 63 69 
23 27 18 21 24 24 26 20 21 27 25 26 20 25 22 25 25 2 60 30 45 37 
37 40 29 44 39 28 39 45 37 30 43 42 36 35 34 29 35 2 61 84 53 2 
0 0 0 0 0 0 0 0 0 0 0 0 0 0 0 0 0 1 50 69 
36 35 33 33 43 40 41 34 31 35 42 42 30 32 31 32 38 2 63 16 46 97 
27 31 23 24 23 22 26 24 28 29 20 23 21 32 26 21 32 1 62 46 
29 34 22 31 24 29 29 35 27 24 23 29 24 27 28 25 31 1 58 93 
15 15 15 15 12 13 12 16 12 17 14 12 12 15 11 16 16 2 54 90 61 34 
34 40 26 36 31 34 39 35 30 28 40 29 31 35 28 39 33 2 51 96 55 86 
25 30 24 29 28 19 25 30 28 23 28 26 24 23 26 30 30 2 60 73 56 22 
2 1 1 1 1 1 1 1 1 1 1 1 1 1 1 1 1 2 60 68 62 96 
36 35 36 38 37 43 33 29 38 39 39 41 31 27 34 43 30 1 62 66 
20 17 23 24 15 24 21 19 15 23 21 17 15 22 21 21 20 1 62 80 
7 7 7 7 7 6 5 7 5 7 6 5 6 7 7 7 5 2 59 1 62 47 
36 34 38 38 34 40 37 40 28 42 36 34 31 33 29 35 33 2 61 93 62 84 
32 26 25 37 30 38 36 31 28 38 32 30 28 25 25 38 30 1 61 79 
15 13 13 15 13 12 12 17 12 15 14 13 12 17 11 15 16 1 63 94 
25 28 23 18 30 18 26 26 22 19 27 27 23 22 18 19 19 1 61 78 
4 3 4 4 4 4 3 4 3 4 3 4 3 4 3 4 4 2 61 43 63 66 
1 0 0 0 0 0 0 0 0 0 0 0 0 0 0 0 0 1 61 62 
4 4 3 4 4 3 3 4 3 3 4 4 4 4 4 4 4 0  
32 25 28 26 39 31 29 34 35 26 24 33 34 28 29 25 35 0  
14 13 10 14 12 10 11 12 11 10 11 12 11 13 16 16 16 0  

taskCount: 64 | processorsCount: 16 | shape: 0,5 | outDegree: 2 | comCompRatio: 0,5 | compCostRange: 0,5 | height: 18
