16 20
7 6 6 6 6 6 6 6 6 6 6 6 6 6 6 6 6 6 6 6 6 1 15 1 
33 31 31 32 31 31 32 31 33 31 32 33 33 31 32 33 33 33 31 33 32 1 10 94 
3 2 2 2 2 2 2 2 2 2 2 2 2 2 2 2 2 2 2 2 2 2 12 13 13 22 
29 29 27 27 27 28 27 28 29 28 28 29 28 28 27 29 27 28 29 29 27 0  
24 23 24 22 24 23 24 23 23 22 24 22 24 23 24 23 22 24 24 24 22 2 11 56 14 79 
2 1 1 1 1 1 1 1 1 1 1 1 1 1 1 1 1 1 1 1 1 2 15 38 7 56 
29 28 28 27 27 29 27 28 29 29 28 28 29 28 27 28 27 27 28 27 27 2 15 66 9 61 
38 36 37 37 36 36 36 37 38 37 38 36 36 36 38 36 38 38 37 37 38 2 11 24 15 51 
4 3 3 3 3 3 3 3 3 3 3 3 3 3 3 3 3 3 3 3 3 1 13 91 
21 19 19 20 21 21 21 20 19 21 20 20 21 20 19 19 20 20 19 19 20 1 13 95 
0 0 0 0 0 0 0 0 0 0 0 0 0 0 0 0 0 0 0 0 0 2 11 14 13 28 
37 35 37 35 37 35 35 36 36 36 36 37 37 37 35 36 35 35 35 37 35 0  
14 13 13 13 13 13 13 13 13 13 13 13 13 13 13 13 13 13 13 13 13 1 14 15 
33 31 32 33 31 32 33 32 31 33 33 33 32 32 33 32 31 32 31 33 32 1 15 82 
24 24 23 22 24 24 22 23 23 22 24 22 23 24 24 22 24 23 22 22 22 0  
6 5 5 5 5 5 5 5 5 5 5 5 5 5 5 5 5 5 5 5 5 0  

taskCount: 16 | processorsCount: 20 | shape: 0,5 | outDegree: 2 | comCompRatio: 0,5 | compCostRange: 0,1 | height: 8
