32 12
38 35 33 19 37 51 25 48 52 50 42 48 40 2 16 55 9 10 
1 0 0 0 0 0 0 0 0 0 0 0 0 2 5 59 29 83 
37 47 40 36 37 42 39 21 42 26 48 18 52 2 10 21 28 22 
10 11 8 10 14 6 11 13 7 5 6 6 10 2 30 4 27 77 
24 14 12 15 14 22 31 31 19 18 19 32 25 2 29 45 24 32 
25 30 26 31 29 29 22 28 15 22 22 31 33 2 9 79 29 63 
31 25 41 24 17 20 41 30 37 42 40 22 24 2 17 8 25 5 
27 17 18 29 32 25 28 14 38 36 14 29 15 2 29 78 28 87 
32 40 47 31 33 38 43 41 27 28 32 45 20 2 13 70 19 32 
2 2 2 2 1 2 1 1 2 2 2 2 1 2 23 56 19 9 
31 45 22 34 17 40 44 39 20 39 21 22 34 2 28 8 27 92 
4 2 5 2 5 5 5 3 5 4 5 4 4 2 14 24 30 33 
37 27 21 29 24 31 39 38 37 20 29 49 54 2 27 27 15 8 
11 14 7 13 12 6 10 13 14 7 15 11 8 2 30 22 29 2 
28 15 18 19 18 18 30 39 15 27 40 19 17 2 29 52 15 34 
20 12 12 15 18 29 12 16 10 26 19 12 11 2 31 44 29 18 
14 13 9 19 8 15 15 10 9 11 8 19 18 2 27 98 26 24 
32 29 29 42 38 17 26 26 30 27 26 29 35 2 21 17 29 96 
10 13 9 7 7 7 13 6 6 5 6 6 6 1 24 13 
16 15 21 10 19 15 8 21 9 14 19 9 19 1 27 6 
2 2 1 1 1 1 1 1 2 2 1 1 2 1 26 16 
2 2 2 1 1 2 1 1 1 1 2 1 2 2 25 64 29 43 
15 9 19 10 21 17 21 11 16 17 9 8 11 1 24 1 
34 30 38 49 33 37 47 34 24 40 44 19 48 1 28 51 
35 33 24 49 39 22 27 35 37 26 19 27 37 1 29 25 
26 27 14 33 19 29 29 22 34 34 36 30 35 2 30 15 31 87 
1 0 0 0 0 0 0 0 0 0 0 0 0 2 29 45 28 38 
4 4 5 4 3 3 2 4 3 3 4 3 3 0  
25 16 19 36 25 22 22 25 32 17 25 15 26 1 31 80 
13 13 6 11 13 7 15 6 10 15 17 6 15 1 30 14 
6 6 3 4 6 5 8 4 5 4 5 5 5 0  
7 5 8 5 8 5 8 8 4 6 5 7 7 0  

taskCount: 32 | processorsCount: 12 | shape: 0,5 | outDegree: 2 | comCompRatio: 5 | compCostRange: 1 | height: 17
