32 16
4 4 3 4 4 3 3 4 4 3 4 4 4 3 3 4 3 2 17 5 24 17 
37 40 43 29 31 38 40 27 32 31 43 40 36 27 29 32 36 1 24 4 
20 17 18 15 18 20 19 24 20 17 15 17 22 23 18 17 24 2 24 27 18 28 
6 4 6 5 6 6 6 4 4 5 5 5 6 6 5 5 5 3 28 85 19 27 30 94 
23 25 19 18 19 27 24 26 20 22 20 20 18 18 22 19 19 1 29 90 
21 20 15 19 22 17 24 19 21 23 15 23 21 16 18 20 18 1 28 93 
29 25 32 30 23 35 34 35 23 30 28 26 25 33 25 30 28 3 13 4 24 85 19 43 
24 25 21 23 24 25 23 22 22 18 25 27 18 22 24 19 21 3 15 39 14 72 27 5 
28 25 30 26 33 34 23 27 33 28 34 24 24 21 33 25 22 1 17 25 
12 12 14 14 11 13 14 12 14 14 13 12 14 14 14 14 14 3 18 57 24 5 20 70 
20 15 22 22 16 15 20 20 16 23 15 20 20 21 19 23 17 3 16 79 19 17 30 41 
36 28 37 41 33 30 31 38 38 40 44 44 27 41 44 39 35 3 27 31 13 16 31 25 
24 20 28 23 18 24 27 23 18 23 22 20 21 29 22 18 28 3 31 97 14 35 27 6 
12 9 9 14 9 11 14 9 9 11 9 10 14 14 13 13 12 2 26 53 21 75 
34 37 26 40 32 35 28 37 33 34 28 40 28 26 32 25 33 3 20 51 23 75 28 44 
6 4 6 6 4 4 4 5 6 6 4 4 6 6 6 6 4 3 21 2 29 72 30 42 
0 0 0 0 0 0 0 0 0 0 0 0 0 0 0 0 0 3 21 79 31 94 23 26 
34 32 40 34 35 33 38 26 38 26 34 32 34 27 32 38 39 2 30 71 22 69 
8 8 7 9 6 8 7 6 9 8 9 6 8 6 9 8 9 3 26 50 31 57 28 89 
16 16 14 12 16 16 19 13 16 16 12 19 12 17 19 18 15 3 28 74 29 25 27 62 
18 20 18 16 17 18 17 19 14 14 19 17 20 20 21 20 16 0  
5 5 3 3 4 5 5 5 5 4 3 5 5 4 5 3 3 1 30 4 
38 38 37 36 38 43 28 29 33 44 43 36 34 38 31 28 43 1 31 79 
1 0 0 0 0 0 0 0 0 0 0 0 0 0 0 0 0 1 30 42 
33 32 26 31 31 33 38 39 26 35 31 36 33 28 33 40 27 0  
21 16 25 17 15 24 18 23 19 19 17 19 19 20 25 22 15 1 31 59 
33 32 24 29 31 30 27 32 40 37 34 31 27 28 35 33 27 1 31 45 
8 7 7 6 7 8 6 9 7 6 6 8 8 7 7 7 9 1 31 51 
33 37 36 26 29 26 36 27 33 30 28 38 28 32 28 39 24 2 30 6 31 19 
31 25 34 30 35 25 27 32 27 37 27 33 32 27 30 24 37 2 30 9 31 79 
0 0 0 0 0 0 0 0 0 0 0 0 0 0 0 0 0 0  
2 1 1 1 1 1 1 1 1 1 1 1 1 1 1 1 1 0  

taskCount: 32 | processorsCount: 16 | shape: 2 | outDegree: 3 | comCompRatio: 0,1 | compCostRange: 0,5 | height: 4
