16 12
28 27 26 26 27 28 26 26 27 28 27 26 28 3 5 45 14 49 4 42 
9 8 8 8 8 8 8 8 8 8 8 8 8 3 6 64 5 66 7 32 
35 33 35 35 34 33 34 35 33 33 33 35 34 2 10 75 5 28 
24 24 22 23 23 24 24 23 23 24 23 23 22 2 5 7 15 95 
29 27 29 28 29 28 29 29 28 28 27 27 29 1 10 5 
22 21 22 20 20 22 21 22 20 22 21 21 20 0  
13 12 12 12 12 12 12 12 12 12 12 12 12 1 14 42 
30 28 28 29 28 30 30 30 29 29 28 28 29 1 15 6 
9 8 8 8 8 8 8 8 8 8 8 8 8 3 14 12 12 63 11 90 
11 10 10 10 10 10 10 10 10 10 10 10 10 3 11 28 14 19 15 74 
3 2 2 2 2 2 2 2 2 2 2 2 2 0  
34 33 33 32 32 34 32 32 32 32 34 32 34 0  
35 35 34 35 33 33 33 33 34 34 34 35 34 0  
27 27 25 27 25 26 27 25 26 26 27 26 25 0  
12 11 11 11 11 11 11 11 11 11 11 11 11 0  
10 9 9 9 9 9 9 9 9 9 9 9 9 0  

taskCount: 16 | processorsCount: 12 | shape: 1 | outDegree: 3 | comCompRatio: 5 | compCostRange: 0,1 | height: 5
