128 16
15 16 13 14 12 16 13 14 17 17 17 11 15 15 14 16 13 2 58 65 64 81 
33 28 25 31 35 27 25 30 39 27 35 32 38 34 27 27 38 2 42 46 57 63 
19 19 22 19 19 22 17 22 15 16 22 17 19 19 20 19 19 1 32 74 
32 38 33 30 38 24 36 39 33 39 37 33 25 26 34 26 28 1 58 95 
21 25 17 15 17 18 16 19 24 21 18 25 25 16 16 22 25 0  
14 16 16 12 16 12 11 11 12 11 11 10 11 12 11 11 13 1 65 24 
7 5 6 7 6 6 5 7 6 6 6 7 7 6 7 5 5 3 49 45 58 87 17 22 
26 27 28 27 25 23 22 22 31 27 31 20 27 22 22 20 27 3 9 94 58 35 33 84 
13 12 14 14 10 13 10 13 11 12 13 11 10 13 10 9 13 1 65 46 
13 14 13 12 15 10 14 13 10 10 9 9 13 14 13 13 10 2 39 93 65 28 
12 13 11 10 11 9 10 10 11 12 13 9 11 11 14 11 10 2 51 75 55 14 
19 20 14 14 18 20 19 15 18 18 17 18 19 16 19 21 20 1 44 44 
0 0 0 0 0 0 0 0 0 0 0 0 0 0 0 0 0 3 64 86 43 95 15 91 
22 19 25 20 16 17 17 21 21 17 20 24 23 20 16 19 16 2 60 81 56 40 
30 36 34 23 27 26 34 33 28 23 31 26 24 24 27 31 24 0  
23 23 22 20 25 22 20 22 24 24 25 24 21 17 25 25 23 3 23 17 56 57 28 95 
38 30 37 33 36 43 37 35 46 41 41 33 32 33 46 35 34 1 36 36 
23 21 25 20 23 25 24 26 23 23 18 17 23 26 19 21 24 3 25 92 58 45 44 28 
18 16 17 17 14 14 20 19 14 16 19 13 15 15 14 18 20 1 43 35 
31 31 25 33 28 28 26 33 35 28 32 26 26 31 25 33 35 2 63 44 28 17 
14 10 15 11 10 11 15 15 13 13 15 14 13 12 13 14 10 2 46 54 51 97 
23 23 17 19 17 21 21 25 27 22 18 22 24 24 24 17 20 1 44 93 
14 14 14 13 13 11 15 10 11 12 13 14 15 10 15 15 15 5 33 22 45 91 44 97 52 93 43 59 
37 35 44 29 39 40 34 35 40 45 36 41 31 35 31 32 28 2 30 66 37 67 
30 27 25 25 28 32 22 35 26 27 23 34 23 26 28 26 26 2 65 99 30 74 
16 19 12 18 14 19 19 14 15 17 15 18 14 13 17 17 17 0  
21 15 19 16 24 22 15 21 25 18 18 18 24 21 18 22 22 3 40 61 49 71 42 79 
22 26 26 21 18 22 23 26 19 22 22 19 16 24 17 19 22 2 38 77 40 88 
22 17 20 25 23 18 19 18 24 24 21 19 21 16 18 16 17 3 41 37 59 45 64 3 
31 23 30 26 25 29 25 33 30 33 32 35 28 34 23 26 36 4 55 17 54 59 47 15 63 79 
21 25 25 16 24 18 23 19 15 19 18 18 25 25 16 22 21 1 47 6 
16 13 16 12 18 19 19 15 16 13 16 17 12 15 17 16 17 2 65 89 44 46 
2 1 1 1 1 1 1 1 1 1 1 1 1 1 1 1 1 1 63 19 
39 45 38 46 35 32 46 44 47 29 46 29 43 31 45 39 35 0  
29 22 29 32 28 30 24 27 26 22 31 23 34 29 30 23 23 3 64 21 55 85 58 66 
33 24 36 25 34 36 27 31 32 32 39 27 39 37 25 26 34 0  
27 28 24 20 25 22 26 31 24 24 25 27 27 31 25 29 31 2 58 1 42 87 
22 26 16 20 22 20 22 21 22 24 24 18 20 22 20 18 21 3 65 60 61 85 41 12 
36 32 32 31 39 36 27 38 28 41 43 41 32 35 43 37 41 2 44 33 56 75 
33 34 24 25 30 36 33 35 39 32 35 27 24 29 24 38 37 0  
31 26 33 27 28 25 32 36 23 28 29 26 23 37 29 25 34 1 41 28 
5 3 3 4 5 5 3 3 4 3 5 4 5 4 5 4 4 0  
39 30 30 38 36 39 31 41 47 44 32 35 39 37 31 40 35 0  
21 21 21 18 24 22 23 20 21 22 18 21 21 22 20 25 17 0  
19 19 15 21 19 18 16 22 14 21 21 18 22 17 14 16 19 1 65 26 
13 14 13 12 15 12 14 10 14 14 10 10 15 9 13 9 10 0  
11 9 11 9 10 8 11 11 11 12 11 9 11 11 12 12 10 0  
21 18 24 17 16 24 25 23 24 16 24 19 19 24 17 22 16 0  
17 12 17 18 14 20 18 13 13 17 14 19 12 15 12 20 19 1 63 95 
16 18 18 18 12 14 17 12 15 12 17 16 16 13 17 19 18 1 63 33 
5 5 5 4 3 5 4 4 4 5 4 5 5 3 5 4 3 1 65 3 
18 17 17 14 17 15 20 20 20 15 14 16 17 17 16 17 15 0  
6 6 4 6 4 4 5 6 5 6 6 6 4 4 4 4 6 0  
7 6 5 6 7 6 7 7 7 5 7 6 6 5 6 5 6 2 58 0 60 63 
33 32 39 28 37 33 40 36 34 26 32 31 30 38 30 29 39 1 60 73 
31 27 23 34 27 26 28 34 26 23 24 33 27 26 30 27 27 1 61 7 
18 16 20 19 13 19 14 18 13 19 14 19 15 13 21 20 16 2 62 55 58 3 
22 24 18 20 20 19 26 22 26 16 20 26 23 17 25 24 20 0  
1 0 0 0 0 0 0 0 0 0 0 0 0 0 0 0 0 0  
4 4 3 3 4 4 4 3 4 4 3 4 3 3 3 4 4 0  
33 29 27 24 40 37 28 39 30 30 35 40 38 28 39 25 38 0  
24 22 22 18 19 27 20 22 29 18 22 26 20 26 24 19 29 0  
4 3 4 4 4 4 4 3 3 4 4 3 3 4 3 3 4 0  
22 19 19 25 19 19 18 19 26 20 22 19 24 17 21 22 23 0  
32 37 31 31 25 38 35 32 27 35 27 34 38 29 27 38 28 0  
36 31 39 28 30 30 29 40 44 31 44 29 29 40 35 27 33 0  
16 17 18 15 17 19 16 18 15 14 15 16 16 17 13 14 14 0  
1 0 0 0 0 0 0 0 0 0 0 0 0 0 0 0 0 0  
33 31 27 40 40 26 28 27 26 27 31 29 29 29 37 35 25 0  
37 31 32 40 34 28 29 39 32 38 33 28 43 35 30 33 43 0  
35 35 26 32 30 29 32 28 32 30 34 31 37 38 26 30 42 0  
16 15 19 19 16 13 18 13 15 15 14 19 17 12 17 12 15 0  
27 31 22 30 21 30 25 29 30 22 26 21 32 22 32 28 32 0  
25 18 23 24 27 19 19 29 19 23 18 19 27 29 23 28 28 0  
39 31 33 40 30 32 43 33 38 39 33 40 46 43 30 40 29 0  
8 7 9 7 9 8 9 7 6 8 8 7 9 7 8 8 8 0  
24 24 23 25 26 21 20 20 20 24 28 25 23 23 29 18 27 0  
33 28 40 33 38 31 40 27 34 34 24 28 25 29 25 27 34 0  
17 17 12 19 16 19 12 13 12 15 15 12 20 20 12 15 20 0  
16 16 18 17 13 14 16 16 12 14 17 13 14 13 15 18 17 0  
5 4 5 5 5 3 3 3 4 4 4 5 5 4 4 3 5 0  
39 34 31 44 34 43 40 41 31 37 46 45 37 29 40 33 32 0  
5 4 5 3 5 5 3 3 5 4 3 4 3 4 3 3 5 0  
5 5 5 4 4 5 5 5 4 3 5 3 5 5 5 4 5 0  
25 19 20 26 26 27 25 28 29 25 30 21 26 24 30 20 21 0  
2 1 1 1 1 1 1 1 1 1 1 1 1 1 1 1 1 0  
10 11 11 9 8 11 7 11 11 11 8 8 8 11 7 10 9 0  
35 31 26 35 34 27 29 34 33 30 32 30 35 28 31 36 42 0  
5 4 3 4 3 5 4 4 3 5 5 5 3 5 3 5 3 0  
37 34 39 40 35 30 44 45 42 27 43 31 34 40 35 28 36 0  
15 16 11 14 15 16 12 17 13 11 11 11 17 13 17 12 11 0  
5 3 3 3 4 4 3 3 4 3 5 4 5 3 4 3 3 0  
20 21 15 22 18 16 19 19 18 20 19 22 17 23 15 22 17 0  
31 24 36 36 30 34 32 37 37 34 36 24 23 23 35 29 33 0  
0 0 0 0 0 0 0 0 0 0 0 0 0 0 0 0 0 0  
6 4 6 6 4 4 5 5 4 5 6 4 6 6 6 5 4 0  
1 0 0 0 0 0 0 0 0 0 0 0 0 0 0 0 0 0  
17 17 15 14 13 12 16 19 18 17 18 12 20 13 13 19 16 0  
28 24 28 32 22 27 29 34 25 26 33 21 25 21 26 28 29 0  
22 24 25 16 17 20 22 18 18 18 16 23 18 17 24 23 22 0  
37 28 30 38 27 31 39 36 45 37 45 43 37 32 39 43 36 0  
9 8 8 8 8 6 6 9 9 8 9 10 7 8 6 9 6 0  
28 34 24 27 29 22 25 31 25 28 26 29 22 34 34 34 34 0  
19 14 18 22 18 15 17 21 21 14 17 19 22 14 21 17 18 0  
21 15 16 15 23 20 22 24 19 15 23 22 20 23 22 15 23 0  
29 32 31 28 35 29 27 23 26 26 34 31 35 25 30 27 27 0  
31 28 29 34 25 32 32 23 33 32 35 36 26 27 27 24 37 0  
20 22 19 23 18 20 18 15 19 24 24 23 22 22 24 21 23 0  
7 6 7 7 7 7 5 7 6 6 6 7 5 5 5 5 7 0  
25 26 21 24 22 24 18 24 25 23 20 18 25 24 22 28 29 0  
7 7 5 5 7 5 7 7 7 6 5 5 5 6 6 6 6 0  
24 20 20 20 20 29 26 22 20 23 21 26 21 28 22 27 27 0  
4 4 3 3 4 3 3 4 4 4 4 4 4 4 4 4 3 0  
25 23 27 21 25 20 23 28 29 18 25 25 24 25 27 27 26 0  
39 40 45 44 33 33 32 30 46 41 46 32 29 43 45 31 29 0  
33 36 35 34 34 38 25 34 24 24 37 37 39 38 25 38 24 0  
19 17 20 14 19 15 18 18 20 15 20 18 20 22 18 20 20 0  
39 38 46 41 34 36 47 43 38 34 42 42 34 29 47 47 40 0  
36 41 34 37 36 38 39 31 28 43 31 35 31 29 40 34 29 0  
30 33 27 34 23 34 33 31 24 36 30 26 31 30 23 31 28 0  
26 29 26 29 25 22 20 30 25 22 27 23 24 29 19 28 19 0  
21 18 25 25 16 15 22 19 24 19 15 18 20 22 16 20 15 0  
35 37 42 37 29 31 37 28 33 37 41 40 40 42 41 38 42 0  
35 37 37 33 35 33 38 38 29 40 38 31 41 31 40 35 41 0  
21 22 22 21 16 24 19 18 18 19 24 16 21 25 20 16 17 0  
30 31 27 35 36 34 33 29 25 36 32 29 27 33 25 22 26 0  
36 31 42 28 38 42 42 39 33 39 37 29 27 37 42 36 42 0  
35 29 36 42 31 41 42 27 32 38 34 33 28 33 26 29 28 0  

taskCount: 128 | processorsCount: 16 | shape: 1 | outDegree: 5 | comCompRatio: 0,1 | compCostRange: 0,5 | height: 7
