64 12
33 30 37 44 28 16 24 22 17 44 25 26 31 3 29 86 32 19 56 38 
3 1 3 1 2 2 2 2 3 1 1 1 2 3 53 54 33 12 18 26 
25 15 21 34 22 22 20 36 16 30 35 17 13 4 41 11 28 20 58 42 35 28 
37 37 31 35 38 22 39 34 36 39 22 20 37 3 14 74 26 4 12 62 
31 20 32 20 16 40 36 25 44 35 31 26 22 4 30 46 61 28 46 98 57 85 
39 37 27 21 49 48 22 30 29 29 32 57 52 4 32 87 51 37 45 92 30 3 
20 13 25 28 17 10 14 29 26 19 16 11 26 4 50 51 52 8 18 51 31 73 
11 11 9 10 7 8 10 5 7 8 9 15 8 4 54 21 55 36 28 9 51 36 
39 49 54 28 27 57 40 47 27 42 36 37 56 2 39 53 23 79 
28 38 15 32 28 25 27 40 37 16 23 23 27 4 32 54 60 71 49 19 34 54 
38 52 48 38 39 27 38 23 45 33 41 34 25 3 58 65 52 54 12 28 
27 38 27 37 31 15 22 33 19 19 36 37 39 4 46 16 53 68 25 12 22 29 
23 32 27 18 33 23 13 19 32 31 20 28 26 4 19 71 27 8 37 68 49 59 
39 38 29 29 35 28 26 22 43 27 22 57 27 3 45 4 58 0 59 47 
37 20 23 30 38 27 22 29 25 26 18 20 21 3 32 80 53 22 23 4 
20 16 24 27 19 12 16 21 15 29 17 19 28 4 57 5 36 39 42 88 43 90 
4 5 3 5 3 5 4 4 5 5 3 5 2 3 18 68 28 90 30 50 
18 19 24 10 15 18 19 13 20 12 10 23 13 2 29 64 27 13 
11 9 15 11 12 7 11 13 13 13 6 15 11 2 28 21 56 31 
0 0 0 0 0 0 0 0 0 0 0 0 0 4 36 61 28 0 38 29 56 38 
0 0 0 0 0 0 0 0 0 0 0 0 0 4 50 3 39 18 60 10 56 57 
19 21 13 23 24 22 26 22 20 19 19 26 22 4 42 76 56 62 49 51 43 9 
18 20 26 14 20 21 18 17 26 10 11 12 23 4 33 52 36 15 52 17 39 95 
29 18 30 38 30 32 22 22 39 42 39 37 29 3 47 26 60 45 29 53 
15 16 14 18 15 13 11 7 9 17 19 9 13 4 44 50 31 60 46 40 48 39 
10 6 9 7 9 13 5 12 8 14 14 10 8 4 42 38 56 80 45 36 37 12 
24 16 22 23 26 17 34 18 23 29 32 15 31 2 58 4 42 84 
34 30 36 26 39 35 33 28 22 46 47 33 18 4 60 99 41 50 52 26 59 13 
8 7 7 4 7 5 6 6 4 9 11 7 11 4 46 36 40 65 49 2 31 53 
33 30 16 40 33 41 34 22 39 32 40 45 42 3 40 23 61 39 49 38 
15 8 8 12 7 8 19 8 21 7 15 13 21 4 52 72 51 86 36 30 50 88 
3 3 3 2 3 1 3 1 2 3 1 3 3 2 43 6 50 78 
29 33 20 15 33 21 32 24 17 42 20 32 18 3 40 73 59 20 56 77 
10 11 5 8 7 9 8 9 5 13 12 5 14 4 54 50 41 76 59 74 37 93 
18 13 25 25 20 16 18 15 16 11 22 25 12 3 56 77 45 74 37 82 
19 14 9 20 10 21 26 24 14 26 24 22 27 4 55 60 45 50 47 45 50 59 
17 17 21 18 16 17 21 15 10 8 24 15 9 3 45 26 54 82 53 98 
32 22 23 22 25 33 19 24 26 21 46 20 19 1 49 45 
28 24 19 34 14 41 28 34 38 25 16 26 27 4 61 78 50 50 51 13 60 64 
24 16 13 22 25 34 30 19 20 20 23 12 25 3 57 85 56 55 51 23 
23 30 16 17 20 12 13 24 12 19 29 30 24 3 52 57 47 55 49 39 
22 31 28 27 21 18 26 16 12 20 23 18 20 3 55 22 49 43 52 63 
14 8 7 14 16 9 14 18 19 13 14 18 18 4 60 82 56 79 50 97 57 58 
18 26 23 11 23 21 14 13 21 22 10 20 12 4 61 16 59 17 60 9 52 49 
32 43 46 33 33 38 35 39 21 45 23 39 43 2 61 2 60 67 
7 8 8 3 6 8 9 6 9 5 4 7 4 3 60 82 48 19 53 58 
36 46 35 39 39 23 31 41 36 25 35 51 26 3 51 66 58 42 54 53 
32 32 45 26 46 45 37 28 33 33 28 35 19 2 55 69 61 62 
14 10 13 19 11 14 9 11 8 9 20 17 20 1 56 89 
36 52 44 48 45 47 37 35 50 48 45 25 42 2 56 74 55 97 
35 42 37 21 36 27 32 36 35 31 20 28 38 2 55 24 56 57 
26 21 17 17 21 24 24 34 38 37 17 28 18 2 58 56 60 58 
15 9 21 19 9 12 19 11 20 9 16 18 12 2 57 58 60 68 
9 6 9 6 5 5 11 11 4 4 7 4 6 2 57 99 60 13 
17 15 24 19 11 16 17 13 12 24 10 14 24 0  
14 9 16 19 16 7 16 15 9 15 16 15 8 0  
24 32 24 12 30 17 23 30 31 15 22 16 24 0  
36 44 26 47 32 40 32 24 33 33 30 45 28 0  
22 14 17 30 11 18 12 11 12 16 23 22 20 0  
21 26 20 22 18 25 26 13 23 23 27 16 18 0  
14 9 11 8 13 16 9 19 10 13 19 19 19 0  
25 26 30 30 12 33 36 18 14 16 29 24 20 0  
3 3 1 1 2 3 3 1 3 3 2 1 2 0  
5 5 5 2 4 4 3 6 6 2 2 4 3 0  

taskCount: 64 | processorsCount: 12 | shape: 1 | outDegree: 4 | comCompRatio: 0,1 | compCostRange: 1 | height: 8
