64 20
5 6 6 6 4 5 5 4 2 6 2 4 3 6 6 2 2 2 3 5 4 2 45 99 24 89 
21 27 17 27 14 16 28 23 21 15 13 23 19 30 22 27 20 10 21 19 30 2 17 73 10 3 
39 22 30 44 49 53 50 44 44 57 48 32 54 28 27 29 19 38 48 34 31 3 15 47 26 87 17 46 
5 4 2 3 3 2 5 3 4 4 4 2 2 3 6 3 4 5 6 3 3 4 11 91 49 71 13 51 17 5 
0 0 0 0 0 0 0 0 0 0 0 0 0 0 0 0 0 0 0 0 0 3 41 98 46 33 12 55 
28 41 23 23 15 15 35 19 40 18 16 41 36 16 24 39 33 18 34 27 26 3 46 40 22 9 13 38 
12 8 11 11 10 7 6 10 7 12 10 14 12 11 13 6 9 7 15 13 7 4 22 75 46 75 32 61 41 19 
13 11 16 16 14 8 12 12 7 11 10 15 9 18 14 10 17 7 9 14 12 2 49 48 15 35 
23 25 22 19 15 27 16 22 18 30 19 26 27 20 29 32 24 14 27 17 25 3 29 50 48 57 31 31 
9 12 7 6 10 9 9 11 9 10 7 9 5 12 5 10 6 12 11 5 7 4 26 94 49 67 43 60 13 15 
13 16 16 8 15 14 6 16 6 6 17 14 16 12 18 9 17 10 14 8 15 1 20 95 
27 29 26 17 24 27 27 39 17 27 26 20 27 23 21 22 28 30 25 15 14 2 29 55 31 96 
17 8 19 13 15 10 15 9 18 12 18 13 9 23 9 9 11 24 9 22 17 4 32 5 51 13 46 94 36 42 
30 41 31 15 26 29 43 16 24 39 43 40 21 24 35 25 18 29 20 31 26 2 35 32 24 9 
19 25 23 14 20 13 13 14 26 15 25 10 25 20 27 27 11 9 12 25 12 3 23 67 44 68 21 56 
12 11 11 16 8 17 10 6 8 17 6 14 12 7 13 9 7 11 14 14 10 3 49 50 51 5 37 99 
1 0 0 0 0 0 0 0 0 0 0 0 0 0 0 0 0 0 0 0 0 4 25 8 42 30 38 14 48 94 
12 17 13 15 11 8 9 10 11 8 16 9 6 14 7 12 11 9 13 8 8 2 49 35 51 12 
6 5 5 8 5 7 5 3 3 4 8 5 3 4 4 5 8 3 3 3 7 2 34 45 48 73 
25 24 20 35 27 22 24 19 23 19 36 33 17 33 20 23 28 21 22 18 24 4 34 86 24 74 41 98 33 66 
9 4 6 11 9 8 10 7 11 9 6 6 10 6 9 9 11 5 8 7 11 3 35 22 27 85 46 96 
18 10 19 18 20 16 26 12 14 14 23 19 19 15 17 15 20 11 11 16 22 3 25 14 26 92 45 22 
26 31 37 20 22 34 22 34 27 25 37 24 17 30 34 24 35 31 32 14 19 3 31 92 47 15 38 87 
24 13 15 28 19 17 28 20 23 30 28 32 32 29 25 20 13 28 30 12 24 3 29 60 43 35 33 6 
36 31 20 26 49 52 28 53 26 28 19 32 51 33 32 32 37 22 39 26 51 3 40 66 36 95 50 28 
2 2 1 2 2 1 2 1 1 1 1 2 2 1 1 1 2 2 2 2 1 4 51 98 37 11 43 48 35 76 
4 5 4 3 4 4 2 5 3 2 5 4 3 2 3 3 2 3 5 2 5 2 50 90 31 48 
25 30 13 15 22 17 28 31 27 17 22 12 15 20 32 27 24 24 23 24 26 1 32 74 
14 17 7 14 9 12 10 18 19 19 9 11 7 17 7 9 20 10 17 16 10 4 38 48 31 68 48 43 36 8 
10 14 11 5 8 11 13 5 8 7 5 8 7 6 10 8 7 13 7 10 14 2 49 37 47 50 
0 0 0 0 0 0 0 0 0 0 0 0 0 0 0 0 0 0 0 0 0 2 51 17 43 18 
18 22 22 22 22 16 13 12 25 17 14 20 12 23 18 18 10 12 14 21 22 1 44 64 
0 0 0 0 0 0 0 0 0 0 0 0 0 0 0 0 0 0 0 0 0 3 48 67 43 0 51 40 
19 16 12 21 21 17 24 24 12 27 20 25 23 19 17 25 20 25 16 20 22 1 47 49 
19 19 10 21 27 18 26 24 20 12 16 14 24 17 21 9 18 19 24 26 14 0  
14 12 7 14 17 7 15 19 7 17 9 8 12 17 18 16 16 20 15 20 7 2 49 32 46 99 
1 0 0 0 0 0 0 0 0 0 0 0 0 0 0 0 0 0 0 0 0 0  
37 36 21 44 48 43 30 44 21 43 31 37 35 45 20 37 24 45 32 35 21 2 42 1 47 67 
21 30 15 24 18 21 29 22 16 19 24 23 19 19 14 14 26 11 23 18 21 3 43 94 47 74 46 42 
38 55 36 48 44 37 36 20 48 34 45 44 43 56 28 44 19 20 20 42 48 0  
31 32 40 15 16 42 29 29 43 18 39 22 31 15 43 25 29 22 41 28 24 0  
30 30 30 43 42 22 36 15 19 21 21 25 33 29 21 24 30 43 16 27 18 0  
24 14 30 12 17 24 24 32 12 23 33 33 31 23 14 25 24 15 18 28 26 0  
22 22 31 13 11 15 31 14 22 28 32 30 19 17 25 22 24 18 21 27 22 0  
31 27 36 15 27 29 35 37 35 43 35 30 32 23 38 24 18 27 27 26 28 0  
26 27 33 16 35 34 18 27 35 13 27 16 22 13 25 13 33 37 13 33 29 0  
15 19 17 10 12 11 18 12 19 10 13 17 19 14 12 20 17 13 8 14 20 0  
8 9 7 4 10 4 5 5 9 4 10 10 6 4 4 7 5 9 6 4 7 0  
28 33 14 14 24 30 34 16 15 18 17 36 22 34 34 40 33 36 31 22 25 0  
12 17 13 15 12 7 7 7 8 8 6 8 6 10 16 11 7 14 14 16 6 0  
1 0 0 0 0 0 0 0 0 0 0 0 0 0 0 0 0 0 0 0 0 0  
38 29 46 27 43 47 41 37 48 46 49 54 45 32 34 55 33 40 40 33 31 0  
7 9 7 8 8 9 5 7 3 7 9 6 7 5 4 7 7 9 7 4 8 0  
13 7 11 8 10 8 14 11 11 15 8 11 7 16 18 14 6 16 16 8 13 0  
29 39 39 37 42 27 16 27 29 34 23 34 24 16 27 17 34 16 15 14 24 0  
26 29 28 22 29 15 19 37 26 27 27 20 31 17 35 28 34 28 26 19 19 0  
35 37 40 24 46 28 48 29 45 20 21 20 28 47 34 41 48 43 35 27 49 0  
14 20 7 20 15 15 17 10 13 9 11 11 11 19 19 12 7 7 7 18 10 0  
8 6 7 8 9 6 11 7 7 5 8 6 5 11 6 6 7 6 9 10 4 0  
37 18 50 19 30 47 48 37 46 38 33 31 53 30 45 32 32 33 42 23 24 0  
24 31 28 17 15 18 29 34 29 18 24 19 22 17 16 21 28 22 20 35 26 0  
27 20 18 16 35 18 16 14 38 15 18 30 39 24 19 20 15 24 39 14 21 0  
38 54 31 22 22 53 46 49 43 51 47 38 47 51 53 53 49 24 46 56 43 0  
13 9 16 6 9 10 14 14 13 13 7 8 15 17 16 12 15 12 7 13 7 0  

taskCount: 64 | processorsCount: 20 | shape: 1 | outDegree: 4 | comCompRatio: 0,1 | compCostRange: 1 | height: 6
