128 20
29 23 30 27 34 31 33 34 21 23 33 30 21 28 33 22 21 24 23 28 22 2 17 89 24 38 
20 22 19 17 17 20 16 18 20 24 22 19 18 19 19 18 15 19 22 20 17 3 49 8 7 91 67 84 
21 15 20 15 22 17 16 22 18 19 19 20 23 21 21 19 17 19 22 18 18 4 11 41 53 76 33 77 17 79 
28 23 24 23 30 25 33 21 21 24 25 24 24 25 22 23 31 28 21 23 24 3 48 98 45 40 12 26 
11 12 9 12 10 8 10 11 10 11 10 11 10 8 9 11 8 10 9 10 9 2 42 42 63 20 
7 5 5 7 5 7 6 6 5 6 7 6 5 5 5 7 6 6 7 5 5 5 28 5 46 35 52 12 42 64 22 14 
8 6 6 6 6 6 8 9 6 9 6 6 7 9 6 8 9 8 6 6 8 2 11 40 37 8 
35 27 34 36 39 32 38 33 41 38 39 28 32 36 40 36 37 36 29 38 27 2 34 9 30 1 
28 26 21 25 34 25 25 27 32 21 34 22 28 30 25 24 25 27 30 26 30 3 32 69 34 70 21 40 
33 30 36 39 38 27 29 30 32 38 40 32 30 29 36 24 38 27 34 39 34 3 62 51 48 6 17 18 
6 4 5 6 4 5 4 4 5 4 6 4 5 6 4 6 5 4 4 5 5 3 26 61 21 53 43 28 
9 6 8 8 6 8 8 6 9 7 9 6 9 7 9 8 9 6 8 7 9 1 33 13 
11 8 9 11 9 10 12 9 11 11 12 8 10 8 12 12 11 9 8 8 12 3 34 69 24 90 41 89 
21 15 19 20 16 15 20 20 15 16 19 16 17 17 15 24 20 20 24 20 16 3 22 93 52 92 34 26 
19 15 22 17 20 14 20 18 14 21 16 17 16 15 15 22 15 20 16 21 16 2 35 72 26 15 
6 5 5 5 4 5 6 6 4 4 4 6 5 4 4 5 6 4 5 4 6 2 17 48 70 24 
2 1 1 1 1 1 1 1 1 1 1 1 1 1 1 1 1 1 1 1 1 2 61 92 63 93 
18 17 20 21 14 15 20 17 20 18 15 21 17 18 21 17 17 17 18 19 14 2 62 11 44 52 
32 33 37 36 37 38 39 29 32 35 24 37 39 38 26 29 28 33 30 36 34 1 25 85 
30 25 34 30 25 23 29 27 27 27 22 25 32 33 30 28 26 22 32 33 36 1 65 65 
17 16 20 15 15 14 17 14 17 16 17 14 16 18 19 15 12 12 16 12 15 1 55 44 
17 14 14 13 20 15 14 12 17 15 12 20 18 18 12 15 16 17 20 12 20 2 69 10 48 85 
18 17 17 20 16 15 20 21 20 18 16 19 19 17 16 21 13 16 18 18 15 2 42 25 55 5 
3 2 2 2 2 2 2 2 2 2 2 2 2 2 2 2 2 2 2 2 2 1 58 16 
5 5 5 4 4 3 3 4 4 4 5 5 3 5 4 4 5 4 3 5 3 1 42 30 
13 14 15 10 10 10 15 14 9 9 10 14 13 9 13 15 15 10 9 13 10 2 67 95 35 80 
39 36 29 37 34 34 41 38 36 29 47 42 35 42 31 37 36 44 34 34 46 0  
20 15 21 22 21 24 22 20 21 15 18 20 15 19 15 20 21 22 24 18 19 2 34 35 60 88 
7 7 6 5 5 7 5 6 5 7 7 6 7 7 5 7 6 7 7 7 6 1 54 80 
11 12 10 10 9 9 10 10 8 8 10 9 10 12 8 9 9 9 8 10 12 2 40 88 37 44 
31 30 27 28 33 26 28 28 33 32 33 32 36 35 36 29 23 36 28 25 24 2 61 55 34 95 
1 0 0 0 0 0 0 0 0 0 0 0 0 0 0 0 0 0 0 0 0 2 65 17 69 7 
16 18 16 15 19 19 17 19 14 14 15 17 16 16 18 15 13 12 12 13 12 1 48 26 
7 6 7 5 7 7 5 6 6 7 7 6 5 7 6 6 5 6 7 6 5 2 63 74 42 25 
10 11 10 8 9 8 7 11 11 11 9 8 10 9 8 10 9 7 11 7 9 1 54 99 
11 12 12 9 8 11 9 12 11 11 11 10 9 8 8 12 8 10 10 12 11 2 64 24 60 72 
38 35 38 42 46 36 35 44 42 46 38 37 36 36 40 36 43 33 43 44 28 1 64 69 
16 17 16 19 17 15 17 18 12 19 13 15 19 15 18 19 18 14 16 12 15 2 47 36 55 90 
21 23 25 22 20 24 20 20 17 24 18 15 24 22 23 24 24 15 19 23 23 0  
30 29 23 27 27 35 24 28 34 25 24 30 23 35 35 27 27 23 26 24 22 2 45 49 67 93 
29 28 27 32 33 22 26 24 27 23 21 26 23 25 31 34 31 24 32 29 23 4 64 43 46 29 60 77 59 55 
7 6 5 6 6 7 5 7 5 6 6 7 7 5 6 7 6 7 7 7 5 1 51 48 
11 8 12 8 11 8 8 10 9 12 8 8 10 11 12 10 9 10 10 12 8 1 56 75 
33 24 31 27 36 25 38 24 38 30 38 38 37 32 36 29 31 29 24 39 26 1 64 62 
32 25 26 26 29 30 38 35 27 33 34 26 33 38 24 25 38 34 35 37 25 2 53 63 61 26 
6 4 5 4 6 6 4 6 5 5 5 6 4 4 4 6 4 5 6 6 5 0  
36 44 32 43 41 42 40 32 40 34 31 36 32 43 37 29 33 33 43 40 34 1 69 63 
37 30 42 35 32 43 38 39 42 31 27 33 30 32 38 36 27 27 36 35 43 2 53 36 63 37 
6 6 6 5 4 6 4 6 5 4 4 5 4 4 4 4 4 4 4 5 4 1 60 90 
15 14 14 17 15 17 16 13 13 12 17 12 14 11 17 14 11 16 14 15 11 1 68 85 
3 2 2 2 2 2 2 2 2 2 2 2 2 2 2 2 2 2 2 2 2 3 62 18 55 30 60 64 
30 25 30 36 22 24 28 35 27 35 23 35 28 25 25 30 36 25 29 33 34 2 63 32 65 97 
19 19 15 16 22 15 15 16 16 18 15 21 21 20 20 15 20 18 22 20 16 1 58 56 
21 19 21 25 19 23 22 24 22 18 18 21 25 24 23 25 23 21 17 23 21 0  
12 9 12 12 14 10 14 11 14 9 10 12 14 12 9 9 10 9 11 10 12 0  
12 10 11 13 10 13 10 11 10 11 13 12 10 10 13 9 14 12 11 14 11 0  
1 0 0 0 0 0 0 0 0 0 0 0 0 0 0 0 0 0 0 0 0 1 58 7 
17 14 15 12 15 15 14 12 15 13 15 13 20 20 16 14 20 15 14 19 18 1 64 88 
22 19 24 25 19 17 17 18 21 21 25 19 17 26 20 25 19 24 16 24 23 0  
37 38 35 40 27 40 36 45 31 34 40 45 39 44 39 36 38 33 29 30 44 0  
7 7 5 7 5 7 7 7 5 7 6 7 6 7 5 5 5 7 5 5 7 1 65 87 
28 34 28 29 28 23 23 32 28 25 33 23 21 29 31 21 33 27 34 31 34 0  
27 23 20 25 32 21 27 21 22 26 29 20 28 20 21 20 22 20 26 26 21 0  
17 14 13 14 16 14 18 14 20 13 13 19 15 18 19 19 18 13 15 19 13 0  
1 0 0 0 0 0 0 0 0 0 0 0 0 0 0 0 0 0 0 0 0 0  
5 5 3 3 3 5 5 4 5 4 3 3 3 3 5 3 5 5 3 5 3 0  
33 40 37 29 24 31 35 34 27 27 39 32 29 36 26 32 39 36 39 40 32 0  
3 2 2 2 2 2 2 2 2 2 2 2 2 2 2 2 2 2 2 2 2 0  
11 8 9 11 11 12 12 11 9 9 10 12 12 11 9 9 10 8 10 11 12 0  
8 8 7 8 9 7 7 8 6 6 7 7 9 8 8 7 8 8 8 7 8 0  
8 6 6 8 7 8 9 7 6 8 6 7 6 7 7 9 9 8 9 9 7 0  
25 21 19 25 18 27 19 19 28 26 26 25 25 26 27 19 29 26 23 23 29 0  
36 30 44 31 44 36 36 33 44 30 37 44 36 44 43 39 33 34 34 42 37 0  
1 0 0 0 0 0 0 0 0 0 0 0 0 0 0 0 0 0 0 0 0 0  
0 0 0 0 0 0 0 0 0 0 0 0 0 0 0 0 0 0 0 0 0 0  
9 6 8 8 10 9 10 8 9 7 6 6 7 7 7 10 9 7 7 10 7 0  
6 5 5 6 4 6 5 5 5 6 6 4 5 5 5 6 5 6 6 4 6 0  
25 22 20 28 21 20 28 27 29 30 20 29 18 19 19 26 28 24 28 28 21 0  
10 7 11 10 7 8 7 9 11 7 8 11 10 10 10 10 10 10 8 8 10 0  
39 37 33 37 41 45 41 35 44 32 42 39 34 43 31 46 47 29 32 46 31 0  
17 16 19 19 15 20 18 16 19 12 12 15 18 14 14 14 20 17 16 18 16 0  
1 0 0 0 0 0 0 0 0 0 0 0 0 0 0 0 0 0 0 0 0 0  
13 14 12 12 10 10 12 13 10 14 10 9 14 12 14 15 10 9 11 10 15 0  
31 25 31 31 37 34 28 36 34 28 36 29 27 26 28 28 29 32 24 25 34 0  
7 7 7 5 7 7 5 6 5 6 6 6 5 6 7 6 5 7 7 6 7 0  
1 0 0 0 0 0 0 0 0 0 0 0 0 0 0 0 0 0 0 0 0 0  
22 17 20 23 20 17 25 18 25 18 19 17 21 24 23 23 17 23 24 22 26 0  
35 28 34 41 27 32 29 26 29 27 30 28 42 37 33 39 27 33 36 29 31 0  
34 27 38 39 32 31 35 30 31 32 29 33 28 36 31 33 35 25 27 39 39 0  
38 38 33 32 32 29 42 44 43 31 44 46 38 29 36 30 45 46 30 40 34 0  
9 8 6 8 10 9 9 9 8 7 7 9 7 6 8 6 6 7 6 7 10 0  
21 23 15 21 15 24 16 18 25 22 23 20 15 21 21 23 21 24 16 24 15 0  
34 33 29 36 27 34 39 39 28 39 36 28 39 38 30 34 28 33 30 27 25 0  
23 20 22 25 25 18 22 26 26 26 17 21 25 21 25 22 17 17 24 19 26 0  
23 24 19 22 23 26 22 21 26 17 24 24 24 24 21 27 18 21 25 27 22 0  
0 0 0 0 0 0 0 0 0 0 0 0 0 0 0 0 0 0 0 0 0 0  
20 21 15 18 22 23 18 19 22 18 21 21 20 23 15 19 20 21 17 22 20 0  
34 33 34 39 32 33 36 40 38 27 33 32 26 39 38 27 40 28 30 41 30 0  
31 32 37 33 35 35 36 36 32 37 30 26 28 36 28 31 28 25 37 27 31 0  
27 23 27 32 25 25 31 29 22 20 20 23 31 30 31 27 31 30 23 29 29 0  
13 11 15 11 10 13 11 12 15 9 14 9 14 9 11 15 15 15 10 14 12 0  
33 35 33 28 35 25 29 33 31 39 38 29 35 33 30 35 38 31 28 28 36 0  
26 27 29 27 28 25 19 29 24 29 30 26 19 29 19 23 23 27 28 21 24 0  
38 44 30 40 46 37 46 29 37 40 36 44 42 31 41 43 45 28 29 39 28 0  
7 6 5 5 7 5 6 6 6 6 7 5 7 7 6 5 7 5 5 6 7 0  
17 17 18 20 14 20 16 20 20 16 20 19 17 19 20 18 20 14 18 19 14 0  
33 40 33 32 37 40 39 29 38 26 30 35 32 28 36 25 35 29 27 32 29 0  
17 14 15 18 17 20 16 12 18 14 17 18 14 15 18 19 15 14 14 20 20 0  
20 19 18 15 19 20 19 17 24 22 16 17 23 18 19 23 16 20 23 21 17 0  
2 1 1 1 1 1 1 1 1 1 1 1 1 1 1 1 1 1 1 1 1 0  
5 5 3 4 4 3 5 3 4 3 3 5 5 4 3 5 3 4 3 3 3 0  
15 17 11 12 14 17 16 14 15 17 12 15 17 16 15 16 17 15 13 17 13 0  
6 6 5 6 5 6 6 4 6 6 4 4 6 6 4 6 6 5 5 5 5 0  
22 24 16 26 25 24 26 17 22 18 25 26 17 18 22 19 19 26 26 25 24 0  
20 18 24 16 24 16 18 17 15 21 21 16 17 23 19 24 20 17 24 21 23 0  
5 3 3 5 3 3 3 3 5 5 4 5 4 3 3 4 3 4 3 5 3 0  
15 11 12 11 17 14 16 11 14 13 17 14 16 13 17 17 16 11 17 11 11 0  
35 38 33 28 27 28 41 41 32 37 38 32 35 30 32 38 36 33 34 28 26 0  
9 10 8 9 6 7 8 8 10 8 9 6 7 8 8 9 6 10 9 10 10 0  
39 29 41 35 35 37 41 29 38 34 41 42 46 39 33 32 39 33 40 31 44 0  
22 17 20 17 16 16 18 16 19 25 18 24 22 24 18 26 17 26 20 24 23 0  
37 40 45 29 41 41 37 28 42 32 43 30 39 37 35 30 35 28 38 45 32 0  
8 8 8 7 6 8 6 8 6 9 6 9 6 8 8 7 7 9 7 6 7 0  
13 9 15 10 14 14 11 10 10 10 13 15 12 9 10 12 13 12 12 14 13 0  
38 41 45 34 31 30 46 35 37 37 33 30 30 43 46 37 28 40 30 37 37 0  
26 30 29 19 28 21 22 28 23 19 22 20 23 20 20 29 19 24 19 31 20 0  
30 35 23 35 30 24 32 33 25 30 33 24 28 34 28 28 29 24 33 36 23 0  
12 9 12 10 11 13 13 9 9 9 11 9 12 11 14 10 10 12 10 13 11 0  

taskCount: 128 | processorsCount: 20 | shape: 0,5 | outDegree: 5 | comCompRatio: 1 | compCostRange: 0,5 | height: 12
