128 8
8 11 11 8 6 9 7 11 9 1 23 20 
6 6 8 3 5 8 3 6 7 2 109 22 46 23 
1 0 0 0 0 0 0 0 0 1 53 97 
13 7 10 18 6 14 13 7 13 2 36 23 24 21 
23 23 13 15 29 25 28 33 28 2 67 72 44 35 
26 14 18 34 25 19 34 15 37 2 87 86 66 70 
37 45 48 22 25 36 44 22 37 1 37 88 
3 2 2 2 3 2 2 3 2 1 47 35 
13 10 6 10 6 7 8 10 11 1 33 68 
37 27 38 35 25 53 30 37 39 2 68 59 26 80 
5 4 6 4 2 3 2 6 6 2 15 86 13 10 
23 13 18 26 31 15 21 14 19 1 57 6 
22 27 12 31 25 16 19 29 24 2 60 57 67 91 
39 44 31 48 24 22 55 53 25 1 68 4 
31 32 24 45 18 17 20 22 37 2 91 68 72 84 
29 25 25 27 29 30 33 25 39 1 37 41 
29 36 15 38 26 33 32 16 28 1 42 78 
12 8 6 8 15 7 8 12 13 1 90 72 
23 17 28 19 22 25 11 23 24 2 97 49 66 81 
3 3 1 2 3 3 3 2 1 2 59 74 57 52 
23 17 30 14 21 29 16 27 28 1 43 93 
5 5 3 3 3 5 3 5 5 2 38 13 56 72 
35 35 48 46 41 49 19 21 47 1 99 62 
15 19 8 20 12 11 17 21 20 2 94 97 96 43 
14 14 14 18 19 16 17 15 12 2 34 69 29 81 
12 9 17 12 15 10 7 7 8 1 56 66 
8 8 7 5 9 7 5 9 10 2 40 50 32 67 
24 13 22 16 35 13 34 26 14 2 76 8 103 67 
33 44 45 30 26 20 47 36 18 2 42 25 61 63 
1 0 0 0 0 0 0 0 0 2 52 48 57 37 
37 38 43 53 38 36 45 51 25 2 109 23 106 23 
16 19 21 18 22 12 11 11 20 2 61 87 41 58 
9 8 4 12 9 5 9 10 8 0  
1 0 0 0 0 0 0 0 0 1 67 91 
7 4 7 5 9 6 7 8 3 1 44 81 
25 19 17 26 14 34 33 17 15 2 84 36 85 81 
18 25 17 24 22 10 24 13 14 2 98 69 91 36 
3 3 2 3 1 3 3 1 3 2 64 74 63 59 
19 15 26 19 25 13 11 26 24 1 44 18 
11 7 5 5 10 9 13 11 15 1 68 34 
12 6 10 6 12 7 16 12 9 1 93 85 
5 3 2 3 5 6 5 5 4 2 61 68 107 24 
27 16 34 23 36 14 14 37 19 2 64 33 89 77 
34 36 35 47 23 22 27 28 34 2 103 46 104 59 
0 0 0 0 0 0 0 0 0 0  
28 30 27 41 39 39 35 30 26 0  
3 2 2 2 1 3 1 2 3 2 91 44 60 70 
35 42 48 42 28 25 51 34 32 2 72 86 51 75 
26 15 13 31 28 27 38 23 23 1 84 55 
21 20 27 17 18 23 18 17 21 2 71 39 85 98 
38 51 30 42 31 45 38 55 37 1 68 58 
16 9 23 20 20 14 9 11 23 1 103 7 
13 11 16 9 9 14 11 7 6 1 80 31 
8 10 8 11 8 5 4 4 6 1 89 12 
20 18 14 24 25 16 24 19 27 2 63 98 88 69 
3 1 2 1 2 2 1 2 3 1 90 85 
10 11 5 9 10 9 5 5 6 1 92 88 
25 17 18 30 19 22 25 16 31 2 72 78 102 64 
39 52 27 42 56 26 56 47 29 1 90 31 
11 7 14 9 9 12 9 9 13 2 66 5 100 86 
17 24 11 12 13 18 17 15 15 2 103 33 96 51 
13 10 18 17 7 6 7 12 9 2 67 12 93 12 
9 12 4 6 4 5 11 9 11 2 63 3 69 92 
12 14 10 11 11 16 11 13 10 0  
0 0 0 0 0 0 0 0 0 1 90 32 
28 17 35 27 34 33 27 15 17 2 80 60 106 85 
13 6 11 9 18 14 12 17 11 1 85 40 
20 21 29 15 19 20 23 13 26 1 89 47 
31 37 24 24 26 28 34 20 16 0  
6 8 7 3 4 5 6 7 6 2 87 13 105 3 
11 7 12 9 13 8 10 14 9 0  
26 27 24 19 19 26 35 24 17 1 77 12 
32 31 35 42 41 42 38 27 45 2 92 51 77 93 
11 7 8 8 14 6 7 6 10 2 94 26 102 64 
30 34 23 34 28 39 20 43 32 1 104 43 
17 21 12 16 22 23 13 9 13 2 89 33 109 25 
18 23 25 20 15 10 25 17 18 2 100 29 107 34 
1 0 0 0 0 0 0 0 0 0  
15 15 16 11 19 16 17 17 7 1 105 3 
26 20 19 22 26 17 24 26 26 0  
8 11 7 9 4 6 8 10 6 1 99 62 
13 15 11 7 10 14 9 8 11 0  
37 41 27 52 39 31 33 34 36 0  
12 11 7 8 7 13 16 15 6 0  
2 2 1 2 1 2 2 2 2 1 103 41 
21 29 28 12 27 25 14 27 14 1 108 45 
3 2 1 1 3 2 1 2 3 0  
0 0 0 0 0 0 0 0 0 1 107 65 
21 20 15 21 12 21 16 16 29 1 103 78 
4 4 4 4 3 3 2 5 2 0  
14 17 17 15 19 12 7 20 7 2 106 46 97 65 
32 19 19 20 27 29 17 26 33 1 97 43 
4 3 2 5 4 3 5 5 3 2 95 81 108 63 
8 4 11 11 6 4 11 10 4 0  
34 20 40 29 28 42 22 42 41 1 110 48 
39 35 33 28 21 27 55 55 38 0  
36 24 27 33 18 53 35 32 52 1 106 10 
15 7 14 18 9 7 12 12 15 0  
34 41 37 36 17 20 20 28 35 0  
11 12 6 15 11 14 5 14 6 1 104 29 
14 18 17 16 16 10 15 14 8 1 105 6 
22 29 15 16 30 18 11 27 28 0  
3 1 3 1 2 2 3 1 2 0  
20 19 16 29 11 27 14 25 20 2 107 51 110 18 
9 7 12 4 12 4 4 8 11 0  
12 11 8 13 13 10 15 15 7 0  
23 27 26 20 18 12 31 21 19 0  
1 0 0 0 0 0 0 0 0 0  
17 23 9 13 20 10 8 16 19 0  
2 2 2 2 2 1 2 1 2 0  
24 15 16 16 12 25 34 28 28 0  
9 12 7 11 11 6 12 11 7 0  
9 8 9 4 5 9 10 4 6 0  
12 9 10 16 13 6 6 8 9 0  
2 1 1 2 1 2 2 1 2 0  
4 4 5 5 5 4 3 4 3 0  
16 19 22 19 16 20 21 13 10 0  
37 40 35 28 47 38 52 38 54 0  
9 7 4 7 5 6 6 10 12 0  
18 9 26 25 17 22 13 9 17 0  
24 33 24 13 14 21 28 15 13 0  
12 6 16 13 14 10 10 17 8 0  
39 56 21 48 45 37 56 28 47 0  
26 30 27 13 19 26 26 31 28 0  
31 38 23 15 33 15 44 21 38 0  
19 19 10 16 12 15 24 16 23 0  
22 18 24 20 30 21 11 32 13 0  
24 28 27 23 16 32 17 29 34 0  

taskCount: 128 | processorsCount: 8 | shape: 1 | outDegree: 2 | comCompRatio: 10 | compCostRange: 1 | height: 9
