9 
 1 2 29 
 1 594 79 
 1 610 88 
 1 1119 7 
 1 1317 18 
 1 1326 54 
 1 1447 78 
 1 2175 84 
 1 2221 31 
 1 2722 90 
 1 3302 55 
 1 3965 52 
 1 4063 90 
 1 4452 64 
 2 120 61 
 2 156 76 
 2 185 71 
 2 315 43 
 2 349 65 
 2 613 55 
 2 699 94 
 2 741 20 
 2 1141 50 
 2 2265 68 
 2 2309 52 
 2 2857 60 
 2 3394 56 
 2 3503 90 
 2 4199 61 
 2 4263 6 
 2 4265 76 
 2 4331 52 
 2 4464 32 
 2 4780 34 
 2 4949 55 
 3 87 33 
 3 211 36 
 3 256 36 
 3 607 19 
 3 711 17 
 3 869 73 
 3 1271 12 
 3 1682 62 
 3 1756 15 
 3 1970 63 
 3 2341 20 
 3 2397 64 
 3 2499 22 
 3 3323 70 
 3 4472 45 
 4 34 51 
 4 365 79 
 4 1120 28 
 4 1503 98 
 4 1735 20 
 4 1775 84 
 4 1853 36 
 4 1868 8 
 4 1906 47 
 4 2154 94 
 4 2180 39 
 4 2452 84 
 4 2749 13 
 4 2850 59 
 4 3078 76 
 4 3474 22 
 4 3928 6 
 4 4467 70 
 4 4964 21 
 5 19 24 
 5 152 16 
 5 428 52 
 5 543 35 
 5 1023 16 
 5 1258 33 
 5 1282 74 
 5 2070 33 
 5 2075 65 
 5 2079 40 
 5 2277 35 
 5 2416 93 
 5 3051 21 
 5 3056 47 
 5 3114 70 
 5 3165 47 
 5 3419 15 
 5 3684 54 
 5 4002 68 
 5 4081 51 
 5 4453 30 
 6 177 7 
 6 889 60 
 6 927 64 
 6 1537 4 
 6 1637 12 
 6 1832 77 
 6 1870 61 
 6 2261 7 
 6 2279 95 
 6 2291 78 
 6 2405 81 
 6 2810 44 
 6 2821 87 
 6 2962 94 
 6 3205 44 
 6 3278 50 
 6 3382 30 
 6 3522 40 
 6 3984 44 
 6 4360 76 
 6 4987 98 
 7 56 56 
 7 612 38 
 7 1166 28 
 7 1167 33 
 7 1634 23 
 7 1727 52 
 7 1924 70 
 7 2179 96 
 7 2199 7 
 7 2259 38 
 7 3089 98 
 7 4024 60 
 7 4323 81 
 7 4375 58 
 7 4719 48 
 7 4887 39 
 8 345 8 
 8 468 56 
 8 613 46 
 8 674 83 
 8 1099 95 
 8 1491 9 
 8 1669 39 
 8 1812 32 
 8 2118 45 
 8 2323 3 
 8 2423 91 
 8 2476 68 
 8 2578 87 
 8 2695 70 
 8 2897 29 
 8 2993 84 
 8 3197 23 
 8 3255 89 
 8 3335 42 
 8 4249 79 
 8 4365 81 
 9 511 70 