   1        1          3           2   3   4
   2        1          3          12  65  75
   3        1          3           5   6  10
   4        1          3           8   9  13
   5        1          3          25  26  99
   6        1          3           7  21  38
   7        1          1          11
   8        1          3          15  23  60
   9        1          3          16  59 110
  10        1          3          19  53  71
  11        1          1          18
  12        1          3          14  17  20
  13        1          3          33  44  78
  14        1          3          32  34  66
  15        1          3          22  30  39
  16        1          1          28
  17        1          3          19  24  51
  18        1          3          33  61  73
  19        1          1          83
  20        1          2          58  76
  21        1          3          46  69 106
  22        1          3          56  77  97
  23        1          3          27  29  35
  24        1          1          25
  25        1          2          85 101
  26        1          1          77
  27        1          1          90
  28        1          1          37
  29        1          1          31
  30        1          2          37  42
  31        1          1          96
  32        1          2          43  48
  33        1          3          36  41  45
  34        1          1          55
  35        1          2          48  64
  36        1          1          43
  37        1          1         100
  38        1          3          47  72  95
  39        1          2          40  54
  40        1          1          74
  41        1          1         116
  42        1          1          75
  43        1          2          49  77
  44        1          1          91
  45        1          1          71
  46        1          2          57  70
  47        1          1          58
  48        1          1          78
  49        1          2          50  52
  50        1          1         110
  51        1          3          67  91  98
  52        1          1          63
  53        1          1          54
  54        1          1          88
  55        1          2          62 105
  56        1          2          59 103
  57        1          1         121
  58        1          1          87
  59        1          2          80 113
  60        1          1          71
  61        1          2          68 111
  62        1          1          67
  63        1          1          74
  64        1          1         109
  65        1          1          93
  66        1          1         106
  67        1          1          79
  68        1          1          93
  69        1          1         104
  70        1          2          95  98
  71        1          1          81
  72        1          2          84  86
  73        1          3          79  94 115
  74        1          3          87  91  98
  75        1          1         112
  76        1          1         112
  77        1          1          86
  78        1          1         112
  79        1          2          82 113
  80        1          1          89
  81        1          1         103
  82        1          1         102
  83        1          1         118
  84        1          1         114
  85        1          1         108
  86        1          1          92
  87        1          1         105
  88        1          1          90
  89        1          1         107
  90        1          1         100
  91        1          1         102
  92        1          1         117
  93        1          1         100
  94        1          1         118
  95        1          1         118
  96        1          1          99
  97        1          1         107
  98        1          1         114
  99        1          1         103
 100        1          1         119
 101        1          1         111
 102        1          1         107
 103        1          1         105
 104        1          1         115
 105        1          1         115
 106        1          1         109
 107        1          1         116
 108        1          1         121
 109        1          1         119
 110        1          1         113
 111        1          1         119
 112        1          1         116
 113        1          1         117
 114        1          1         120
 115        1          1         120
 116        1          1         117
 117        1          1         121
 118        1          1         120
 119        1          1         122
 120        1          1         122
 121        1          1         122
 122        1          0        