1024
76 3 8 20 5 17 1 46 
87 9 2 46 9 74 5 71 8 29 4 80 7 38 10 41 3 66 6 24 
3 3 8 69 4 66 11 95 
44 2 12 95 8 24 
3 3 13 72 9 1 6 98 
47 9 7 98 13 27 10 24 6 52 9 78 12 13 8 64 11 99 14 25 
22 8 9 19 12 76 15 2 8 27 11 85 14 11 7 36 10 94 
81 8 15 88 12 17 8 14 11 71 14 97 10 48 13 83 16 8 
13 6 11 2 14 60 17 86 10 11 13 69 16 95 
15 7 18 17 14 46 11 43 17 72 10 97 13 55 16 81 
17 5 14 55 11 52 17 81 13 64 16 67 
18 4 14 86 17 44 20 70 13 95 
71 2 21 47 18 76 
66 8 22 24 18 53 15 50 21 78 14 4 17 39 20 65 16 48 
69 5 21 42 18 71 17 48 20 51 23 76 
22 3 18 79 24 76 21 5 
12 3 22 5 18 34 25 31 
62 4 26 31 23 60 19 56 22 14 
60 7 20 34 26 62 23 91 19 88 22 23 25 48 21 32 
24 3 23 55 22 32 26 57 
73 4 27 57 23 86 26 12 29 37 
30 6 27 89 23 18 30 15 26 21 29 46 22 4 
31 6 24 27 30 24 27 52 23 49 26 7 29 32 
80 8 31 55 27 84 24 81 30 10 26 93 29 19 32 44 25 2 
47 9 30 96 27 25 33 21 26 79 29 5 32 30 25 88 28 91 31 16 
34 7 33 62 29 91 26 20 32 16 28 77 31 2 34 28 
85 6 32 2 29 31 35 28 28 63 31 89 34 14 
87 5 36 37 32 66 29 95 35 91 28 49 
90 2 33 20 29 49 
90 2 34 97 30 26 
76 8 34 75 31 3 37 100 33 61 36 86 39 12 32 47 35 72 
92 2 40 66 37 95 
38 6 41 44 37 72 34 1 40 98 33 33 36 59 
93 1 38 81 
40 4 35 10 42 7 38 36 41 61 
97 8 39 13 42 39 38 45 41 70 44 28 37 31 40 56 43 82 
95 1 38 8 
83 5 46 5 42 34 39 62 45 59 38 17 
99 7 43 88 39 17 46 14 42 42 45 68 41 29 44 54 
99 9 42 29 45 54 48 12 41 15 44 40 47 98 40 1 43 26 46 52 
51 8 48 30 44 26 41 55 47 52 43 12 46 38 49 73 42 99 
6 5 47 93 44 21 50 50 43 76 46 1 
9 2 51 5 47 1 
9 2 51 82 48 79 
95 7 52 59 49 56 45 85 48 10 51 68 47 96 50 22 
8 3 48 96 51 22 54 57 
11 1 55 57 
11 1 53 54 
1 1 50 82 
60 1 58 11 
51 4 55 8 52 37 58 66 51 69 
62 2 59 20 56 17 
57 6 60 97 56 94 53 23 59 52 55 80 58 38 
62 2 60 61 56 57 
67 8 60 38 57 35 63 41 56 66 59 92 62 27 55 52 58 78 
65 9 63 4 60 1 56 30 59 55 62 13 58 64 61 22 64 25 57 50 
69 8 59 96 65 25 62 53 58 50 61 8 64 11 57 36 60 62 
20 7 65 88 62 85 58 14 61 39 64 97 60 48 63 6 
71 9 61 48 64 6 67 9 60 34 63 92 66 95 59 20 62 78 65 81 
77 3 67 26 63 55 60 52 
19 3 61 52 67 81 64 78 
68 3 65 78 68 35 64 32 
76 4 65 32 69 90 68 67 71 92 
28 2 69 44 66 41 
24 8 70 21 66 18 73 47 69 76 72 79 65 4 68 62 71 65 
32 9 66 59 73 87 69 16 72 42 68 48 71 51 74 76 67 2 70 37 
35 8 72 82 68 79 75 8 71 37 74 62 67 88 70 46 73 49 
86 8 68 43 75 71 71 100 74 26 70 32 73 35 76 60 69 18 
12 5 74 12 71 41 77 38 70 63 73 21 
89 7 78 92 74 21 71 18 77 46 70 72 73 30 76 32 
40 6 74 7 71 4 77 32 73 16 76 19 79 44 
91 5 74 47 80 44 77 73 73 2 76 5 
44 3 81 76 77 5 74 34 
34 4 75 34 81 30 78 59 74 88 
42 7 82 8 79 36 75 33 78 91 81 16 77 100 80 3 
97 3 78 77 81 3 84 28 
46 4 85 28 82 57 78 86 81 89 
98 2 79 40 86 37 
94 6 80 17 86 14 83 43 79 72 82 75 85 100 
49 1 87 23 
95 6 84 52 81 81 87 78 83 61 86 86 89 12 
100 2 84 15 90 12 
100 2 85 92 91 89 
54 7 85 70 92 66 89 95 88 73 91 98 84 56 87 59 
54 9 85 33 92 30 88 59 91 84 87 45 90 70 93 96 86 31 89 56 
7 6 91 2 87 31 94 28 90 56 93 82 86 40 
31 4 88 62 94 59 91 88 87 17 
59 4 95 36 92 65 88 94 91 20 
63 1 89 71 
99 7 96 68 93 97 92 29 95 54 98 12 91 15 94 40 
61 5 92 15 99 44 95 40 98 66 91 1 
14 3 96 72 92 1 99 98 
4 3 100 98 96 26 93 55 
54 4 94 55 100 52 97 81 96 13 
65 2 97 13 100 38 
14 5 98 67 104 96 101 93 97 99 100 24 
16 3 105 27 101 24 98 53 
6 4 99 53 105 82 102 79 98 85 
68 1 106 36 
5 5 104 33 100 62 107 59 103 88 106 13 
21 9 101 16 107 13 104 42 103 96 106 22 109 80 102 83 105 8 108 66 
19 2 110 11 106 8 
70 2 111 89 107 85 
24 6 111 66 108 63 105 91 104 69 107 94 110 52 
21 1 112 75 
67 4 109 71 106 100 112 29 108 80 
73 9 109 80 112 6 115 64 108 66 111 92 114 50 107 53 110 78 113 36 
75 9 115 81 111 78 108 7 114 36 110 64 113 22 116 25 109 50 112 76 
79 6 114 22 110 50 117 79 113 76 116 34 109 36 
31 4 111 59 117 88 114 85 110 14 
85 1 118 65 
22 5 115 62 112 91 118 20 114 48 117 6 
31 4 115 25 118 83 121 9 114 34 
84 2 122 86 119 15 
79 8 123 63 119 92 116 89 122 95 115 20 118 46 121 4 117 32 
37 2 122 58 119 55 
83 5 123 35 119 32 122 90 125 93 118 18 
38 1 123 21 
22 9 120 18 127 47 123 76 126 79 119 4 122 62 125 65 121 16 124 74 
40 1 126 19 
70 1 123 16 
31 0 
37 3 125 93 128 51 131 76 
43 8 132 76 129 5 125 2 128 60 131 63 124 88 127 46 130 49 
47 5 125 43 132 71 128 100 131 26 127 32 
45 7 132 3 128 32 131 35 134 60 127 86 130 44 133 46 
100 5 131 21 128 18 134 46 127 72 130 30 
98 7 135 1 131 30 128 27 134 33 130 16 133 19 136 44 
52 3 134 19 131 47 137 44 
52 3 138 44 135 73 131 2 
1 4 132 2 139 99 135 28 138 30 
54 2 136 82 133 79 
49 8 137 59 133 56 140 85 136 14 139 16 135 100 138 3 141 28 
7 1 136 54 
94 5 137 31 143 28 140 57 136 86 139 89 
59 9 144 60 140 89 137 18 143 14 136 72 139 98 142 100 138 84 141 87 
12 7 143 32 139 61 142 87 145 12 138 70 141 73 144 98 
63 8 142 73 139 1 145 98 138 56 141 59 144 84 140 68 143 70 
66 6 141 45 144 70 147 96 140 54 143 57 146 82 
17 5 148 5 144 34 141 63 147 59 140 17 
20 2 145 88 141 17 
20 2 146 65 142 94 
6 9 146 43 143 71 149 68 145 29 148 54 151 80 144 38 147 40 150 66 
71 3 152 12 148 40 145 69 
13 3 146 69 152 66 149 95 
62 4 150 95 146 24 153 20 149 27 
24 1 147 78 
61 7 155 75 151 4 148 33 154 29 150 13 153 38 156 96 
24 3 154 38 151 67 157 96 
24 3 158 96 155 93 152 21 
73 4 153 21 159 50 156 47 152 76 
81 5 160 28 156 24 153 53 159 50 152 8 
75 2 157 79 153 8 
75 2 158 56 154 85 
29 9 159 33 155 62 162 59 158 88 161 13 157 97 160 22 163 80 156 83 
82 7 158 28 164 57 161 54 157 83 160 8 163 66 156 69 
83 5 164 43 161 40 157 69 160 94 163 20 
82 9 158 23 164 20 161 49 160 80 163 6 166 64 159 67 162 92 165 50 
34 6 167 95 163 92 160 21 166 50 159 53 162 78 
87 4 164 1 160 30 167 59 163 55 
41 1 161 7 
78 5 168 36 165 33 164 64 167 90 170 48 
87 6 165 19 171 48 168 44 164 50 167 76 170 34 
89 5 172 56 168 53 165 82 171 11 164 37 
92 2 169 8 165 37 
92 2 170 85 166 14 
46 7 170 62 167 91 173 20 169 48 172 6 175 32 168 34 
49 4 176 9 173 6 169 34 172 60 
94 3 170 12 177 40 173 37 
48 7 174 37 171 66 177 95 170 20 173 46 176 4 172 32 
97 6 174 55 173 32 176 90 179 93 172 18 175 76 
48 9 177 99 173 96 180 24 176 53 179 79 172 4 175 30 178 88 174 16 
52 8 176 62 179 19 175 16 178 74 181 77 174 2 177 60 180 63 
6 5 175 57 182 85 178 14 181 40 174 66 
9 2 179 69 175 66 
9 2 179 46 176 43 
95 6 180 23 177 20 183 49 179 100 182 58 185 60 
59 2 180 32 186 60 
59 2 181 9 187 38 
13 9 181 86 188 15 184 44 187 47 180 72 183 30 186 33 182 16 185 42 
10 4 187 87 183 16 186 42 189 44 
13 1 187 96 
18 7 185 93 191 22 188 50 184 47 187 5 190 30 183 56 
36 3 191 30 188 59 184 56 
36 3 185 56 192 85 188 14 
13 3 189 14 186 11 193 39 
62 3 194 39 190 68 187 65 
12 4 188 65 194 94 191 23 190 100 
15 1 191 100 
15 1 192 77 
69 6 193 54 196 80 199 6 192 31 195 89 198 14 
69 8 200 37 196 66 193 63 199 92 192 17 195 75 198 1 194 84 
69 8 199 78 196 7 195 84 198 87 201 12 194 70 197 95 200 98 
23 6 195 24 202 21 198 50 201 76 194 1 197 59 
76 4 198 82 195 78 202 7 201 84 
25 5 199 36 196 33 202 62 198 68 201 71 
27 3 199 22 202 48 205 73 
30 1 206 73 
30 1 204 2 
21 1 201 31 
79 1 209 28 
70 2 206 57 203 85 
19 2 207 34 204 63 
73 9 208 11 204 40 211 37 207 65 210 68 206 52 209 54 212 80 205 38 
80 3 207 83 213 80 210 9 
21 3 211 9 207 38 214 34 
70 3 215 34 212 63 208 92 
88 4 209 92 216 89 212 18 215 43 
86 7 213 95 209 24 216 21 212 27 215 52 211 35 214 38 
36 8 212 13 215 38 218 64 211 22 214 24 217 50 210 8 213 11 
39 7 218 4 215 33 211 62 214 88 217 13 213 97 216 22 
90 7 214 97 217 22 220 80 213 5 216 8 219 34 212 92 
90 8 220 34 217 63 213 92 216 94 219 20 215 81 218 6 221 64 
94 6 216 58 219 83 222 41 215 67 218 92 221 50 
95 4 223 73 219 69 216 98 222 27 
49 1 220 47 
86 5 217 76 224 4 221 1 220 78 223 4 
97 3 218 7 224 4 221 33 
88 3 222 33 225 58 221 64 
49 1 222 64 
49 1 223 42 
3 7 224 19 230 48 227 45 223 51 226 76 229 34 222 59 
99 3 230 34 227 31 223 59 
99 3 224 59 231 88 228 85 
48 4 229 85 225 14 232 43 228 39 
56 7 226 91 232 20 229 17 228 48 231 74 234 32 227 34 
6 8 235 9 232 6 228 34 231 60 234 18 227 21 230 46 233 4 
100 5 228 98 235 27 231 23 234 81 230 32 
58 7 235 35 231 32 234 90 237 16 230 18 233 44 236 2 
58 7 234 44 231 73 237 2 230 4 233 30 236 88 232 16 
13 6 234 39 233 16 236 74 239 99 232 2 235 60 
64 5 237 83 233 80 240 8 236 37 239 63 
67 2 234 34 240 63 
67 2 235 11 241 40 
21 7 235 88 242 17 238 14 241 72 237 100 240 58 243 61 
33 8 241 35 238 32 244 61 237 86 240 44 243 69 236 72 239 30 
20 2 244 24 241 53 
66 6 245 1 241 30 238 27 244 56 240 84 243 42 
71 1 245 64 
17 7 242 61 245 19 248 44 241 70 244 28 247 31 240 56 
25 8 248 31 245 59 241 56 244 14 247 39 243 100 246 26 249 28 
28 7 244 22 247 80 250 6 243 31 246 89 249 14 242 40 
79 6 250 14 247 43 243 40 246 98 249 1 245 84 
30 5 247 7 246 84 249 9 252 12 245 70 
32 6 250 41 246 70 253 67 249 96 252 98 245 24 
33 5 247 47 253 76 250 4 246 1 249 59 
37 2 254 30 250 59 
37 2 255 7 251 36 
91 6 255 85 252 13 251 68 254 93 257 96 250 54 
86 2 252 77 258 73 
91 8 252 54 259 51 255 79 258 82 251 40 254 66 257 68 253 52 
39 2 258 46 255 74 
85 6 259 23 255 52 258 55 261 80 254 38 257 63 
90 2 259 86 255 15 
94 7 259 63 256 92 263 89 262 66 255 24 258 49 261 52 
95 7 259 27 256 56 262 52 258 36 261 38 264 64 257 22 
95 9 265 64 262 93 258 22 261 25 264 50 257 8 260 33 263 36 259 19 
48 7 261 65 264 91 260 19 263 22 266 48 259 6 262 8 
52 3 260 83 267 80 263 8 
52 3 264 8 261 37 267 34 
2 4 268 34 265 63 261 92 264 95 
54 1 262 46 
59 7 270 43 266 72 263 1 269 97 265 3 268 6 271 64 
54 3 269 6 266 35 272 64 
54 3 273 64 270 61 266 90 
4 4 267 90 274 18 271 15 270 92 
7 1 268 44 
12 5 276 73 272 70 269 98 275 95 268 53 
59 9 273 24 269 53 276 50 272 78 275 4 271 65 274 90 277 48 270 73 
58 2 272 19 278 48 
9 2 273 96 279 25 
63 6 273 73 280 2 277 99 276 76 279 34 272 60 
60 1 274 82 
6 4 281 11 278 8 274 37 277 62 
63 8 275 14 282 11 278 40 281 65 277 48 280 74 283 32 276 57 
12 1 281 51 
68 4 279 80 285 9 282 6 278 35 
66 5 286 86 283 83 279 12 282 37 285 95 
19 3 280 66 286 95 283 92 
9 4 284 92 280 21 287 49 283 46 
17 7 281 98 288 27 284 23 287 81 283 32 286 58 289 16 
17 7 287 58 284 87 290 16 283 18 286 44 289 2 282 27 
68 6 290 2 287 99 283 27 286 30 289 88 285 16 
73 2 287 39 286 16 
73 2 291 97 287 93 
27 8 291 74 288 71 294 100 287 2 290 28 293 86 286 88 289 14 
26 1 294 40 
81 5 292 37 288 66 295 94 291 91 294 49 
29 9 289 20 295 49 292 46 291 100 294 58 297 83 290 86 293 44 296 70 
28 2 298 15 294 44 
79 1 299 92 
74 5 296 21 293 18 299 47 292 72 295 98 
84 9 300 1 296 98 293 27 299 56 295 84 298 42 301 67 294 70 297 28 
33 8 299 73 295 70 302 99 298 28 301 53 294 56 297 14 300 40 
84 9 295 34 302 62 298 91 301 17 297 68 300 26 303 28 296 54 299 12 
87 6 301 57 297 54 304 83 300 12 303 37 296 40 
40 4 298 63 304 92 301 21 297 17 
89 3 305 69 301 98 298 95 
80 5 299 95 305 23 302 52 301 84 304 10 
40 4 302 61 305 87 308 12 301 38 
93 2 309 90 306 18 
88 8 310 67 306 96 303 92 309 98 302 24 305 82 308 7 304 68 
45 2 309 62 306 91 
91 5 310 39 306 68 309 93 312 96 305 54 
55 6 310 25 306 54 313 51 309 80 312 82 305 8 
49 9 307 31 313 60 310 88 306 85 309 43 312 69 308 52 311 77 314 80 
52 8 309 6 312 32 315 57 308 15 311 41 314 66 307 24 310 50 
52 8 315 44 312 72 308 69 311 27 314 52 310 36 313 61 316 64 
6 4 311 90 314 16 317 41 310 99 
10 1 318 19 
14 7 315 47 312 76 319 73 318 50 311 8 314 33 317 36 
10 3 315 11 312 40 318 36 
10 3 319 36 316 65 315 20 
8 5 316 20 320 45 319 22 322 48 315 6 
10 3 320 77 316 6 323 2 
69 4 324 2 320 31 317 60 323 34 
62 1 321 86 
67 7 319 15 325 11 322 40 318 69 321 95 324 20 320 3 
63 3 322 26 321 3 325 29 
12 4 326 29 322 58 325 84 328 9 
69 8 326 61 322 90 329 86 325 92 328 18 321 76 324 1 327 4 
19 8 322 30 329 27 325 56 328 81 324 87 327 90 330 48 323 74 
90 8 328 67 325 96 331 25 324 51 327 76 330 2 323 60 326 62 
24 6 331 56 328 85 324 14 327 40 330 65 326 71 
71 8 328 94 327 71 331 97 330 74 333 32 326 57 329 60 332 18 
26 4 327 12 334 41 330 37 333 95 
80 1 331 15 
16 7 328 44 335 72 332 69 331 46 334 72 330 55 333 58 
29 4 331 32 334 58 337 16 330 41 
28 5 338 93 335 90 331 19 334 44 337 2 
80 3 332 73 338 2 335 99 
39 3 336 99 332 27 339 56 
88 4 340 56 337 53 333 82 336 7 
86 7 334 59 340 88 337 85 336 16 339 42 342 100 335 25 
82 3 343 100 340 96 336 25 
82 3 337 25 344 54 341 51 
31 4 342 51 338 80 345 8 341 5 
39 5 339 57 345 86 342 83 338 11 341 14 
87 9 346 17 342 14 339 43 345 72 341 100 344 58 347 84 340 86 343 12 
39 7 345 90 341 86 348 15 344 12 347 70 340 95 343 98 
41 8 341 72 348 1 344 98 347 56 343 84 346 42 349 67 342 70 
45 5 347 96 344 93 350 22 343 48 346 5 
48 2 351 76 347 5 
48 2 351 54 348 82 
2 6 352 31 349 28 345 56 348 82 351 40 347 68 
97 5 349 91 348 68 351 26 354 51 347 54 
99 3 352 57 348 54 355 83 
90 3 356 83 352 12 349 9 
7 4 350 9 356 37 353 66 349 40 
1 2 357 92 354 21 
96 6 358 69 354 98 351 95 357 24 353 52 356 10 
1 2 358 32 354 29 
6 7 358 10 355 6 361 35 354 38 357 96 360 21 353 24 
99 4 361 99 358 27 354 24 357 82 
4 1 355 1 
9 5 363 30 359 59 356 56 362 85 358 68 
6 9 363 39 359 68 362 94 365 96 358 22 361 80 364 5 357 8 360 66 
59 7 362 11 358 8 365 37 361 66 364 91 360 52 363 77 
10 8 361 52 364 77 367 80 360 38 363 64 366 89 359 92 362 50 
13 6 367 44 364 72 360 69 363 27 366 53 362 36 
15 4 364 59 363 36 366 61 369 64 
67 2 367 16 364 45 
63 8 368 93 364 22 371 19 367 47 370 50 363 8 366 34 369 59 
17 5 364 53 371 82 367 11 370 36 366 20 
69 3 371 91 367 20 370 45 
18 3 371 45 368 74 374 48 
39 1 375 48 
39 1 373 77 
12 1 370 6 
71 1 378 3 
29 1 375 31 
20 2 373 60 380 57 
69 4 374 37 380 34 377 63 373 92 
8 2 381 11 378 40 
68 6 382 89 378 17 375 46 381 20 377 4 380 29 
73 2 382 52 378 81 
77 5 382 29 379 58 385 32 378 90 381 15 
46 3 386 86 382 15 379 44 
33 1 380 44 
33 1 388 41 
24 1 385 70 
82 1 383 99 
73 4 390 95 387 24 383 53 386 79 
30 5 384 30 391 27 387 56 390 81 386 87 
78 7 391 59 387 87 390 90 393 48 386 74 389 99 392 2 
32 6 390 76 387 5 393 2 386 60 389 85 392 88 
34 4 394 11 390 40 387 69 393 65 
88 9 391 17 394 43 390 71 393 74 396 32 389 58 392 60 395 86 388 44 
36 5 390 89 396 86 393 15 389 44 392 69 
85 6 397 40 393 69 390 98 396 72 392 55 395 58 
90 1 397 81 
36 5 394 10 397 35 400 93 393 19 396 44 
68 1 401 47 
7 2 398 44 395 73 
97 1 399 21 
45 6 397 50 403 79 400 76 396 5 399 30 402 56 
42 9 404 11 400 8 397 36 403 33 399 39 402 42 405 100 398 25 401 28 
46 8 403 74 399 3 406 31 402 28 405 86 398 11 401 14 404 72 
97 8 399 66 406 95 402 91 405 49 401 23 404 26 407 84 400 9 
90 6 405 3 402 32 408 61 401 86 404 12 407 70 
50 7 409 92 405 89 402 18 408 47 401 73 404 98 407 56 
51 6 405 98 402 27 408 56 404 84 407 42 410 68 
2 5 405 39 411 68 408 96 404 93 407 96 
55 3 412 99 408 96 405 25 
13 3 406 25 412 54 409 50 
63 4 410 50 406 79 413 8 409 82 
56 2 407 34 414 63 
52 8 408 11 414 40 411 37 410 68 413 26 416 51 409 54 412 12 
9 2 417 6 414 35 
55 5 418 83 414 12 411 9 417 38 410 63 
8 3 415 66 411 63 418 92 
66 3 419 92 416 89 412 18 
15 4 413 18 420 46 416 43 419 1 
14 7 417 20 420 78 416 52 419 10 422 35 415 38 418 96 
63 8 416 38 423 67 419 96 422 21 415 24 418 82 421 8 417 36 
67 7 422 62 419 59 418 36 421 94 424 19 417 22 420 80 
18 6 418 22 425 51 421 80 424 5 417 8 420 66 
19 5 422 89 418 85 425 14 421 43 424 69 
23 2 419 40 425 69 
23 2 420 17 426 46 
77 9 424 75 423 52 426 78 429 3 422 6 425 64 428 89 421 92 427 75 
23 4 429 21 425 50 422 47 428 75 
23 4 426 27 423 24 429 53 425 36 
76 2 426 36 429 61 
25 3 427 90 433 87 430 16 
33 6 431 16 428 45 434 42 427 99 430 25 433 50 
30 8 434 73 431 2 428 99 427 76 430 34 433 59 429 20 432 45 
79 1 430 20 
42 9 431 97 434 23 437 48 430 6 433 31 436 57 429 92 432 18 435 43 
32 1 437 89 
92 8 434 18 431 14 437 43 433 4 436 29 439 32 432 90 435 15 
35 8 440 9 437 38 433 67 436 93 439 18 432 76 435 1 438 27 
86 7 433 53 440 50 436 79 439 4 435 88 438 13 441 16 
91 3 439 90 436 19 442 16 
91 3 443 16 440 45 436 74 
40 6 437 74 444 70 440 99 443 2 436 60 439 85 
91 5 441 8 437 37 444 34 440 63 443 88 
95 2 438 91 444 88 
95 2 439 69 445 65 
48 7 443 94 442 71 445 97 448 32 441 58 444 83 447 86 
24 6 445 60 442 89 448 86 441 44 444 69 447 72 
49 8 449 95 445 24 442 53 448 49 444 55 447 58 450 16 443 42 
62 8 448 35 445 64 451 93 444 19 447 44 450 70 443 28 446 53 
31 9 451 47 448 76 444 5 447 30 450 56 446 39 449 42 452 100 445 25 
3 9 447 71 453 100 450 97 446 25 449 28 452 86 445 12 448 37 451 40 
58 5 453 18 449 14 446 43 452 40 448 23 
56 7 453 94 449 23 452 26 455 84 448 9 451 12 454 70 
10 3 452 12 449 41 455 70 
10 3 456 70 453 67 449 95 
60 6 450 95 457 24 453 21 456 56 452 7 455 10 
14 2 457 33 453 62 
18 6 457 10 454 39 460 68 453 93 456 96 459 54 
65 2 461 76 457 73 
69 7 461 54 458 51 454 79 457 82 460 40 456 91 459 26 
68 1 457 68 
19 8 458 45 461 3 464 29 457 54 460 80 463 38 456 63 459 66 
72 8 464 92 461 89 457 18 460 43 463 1 459 52 462 10 465 35 
72 8 460 29 463 87 466 13 459 38 462 96 465 22 458 47 461 50 
26 6 466 76 463 73 459 2 462 27 465 85 461 36 
28 5 463 59 462 36 465 94 468 19 461 22 
29 3 466 25 462 22 469 51 
88 4 470 51 466 80 463 77 469 5 
28 5 467 57 464 54 470 83 463 8 466 66 
80 3 471 37 467 66 464 63 
39 3 465 63 471 92 468 20 
88 6 469 20 472 46 468 20 471 78 474 3 467 6 
84 2 469 29 475 58 
88 6 469 6 476 35 472 64 475 89 468 92 471 50 
35 1 473 73 
81 5 470 69 477 98 473 27 476 53 472 36 
8 5 477 7 473 36 476 62 479 87 472 90 
38 8 477 93 473 90 480 19 476 48 479 73 472 76 475 34 478 59 
46 7 473 53 480 82 476 11 479 37 475 20 478 45 481 71 
89 9 479 45 476 74 482 71 475 6 478 32 481 57 474 60 477 18 480 43 
93 9 482 89 478 18 475 14 481 43 477 4 480 29 483 55 476 90 479 15 
96 6 481 61 477 90 484 87 480 15 483 41 476 76 
48 4 478 99 484 96 481 24 477 53 
61 1 485 73 
7 4 482 2 479 98 485 27 481 88 
99 3 482 88 485 13 488 16 
52 1 489 16 
52 1 487 45 
11 1 484 74 
1 1 492 71 
60 4 489 99 486 28 492 25 485 60 
3 2 493 79 490 8 
98 6 494 57 490 85 487 14 493 11 489 72 492 97 
3 2 494 20 490 49 
8 8 494 97 491 26 497 100 490 58 493 83 496 86 489 44 492 69 
6 1 497 63 
62 4 495 92 491 21 498 18 494 47 
60 6 492 98 498 95 495 24 494 55 497 81 500 16 
61 7 495 87 501 16 498 13 494 42 497 67 500 70 493 28 
12 7 501 70 498 99 494 28 497 53 500 56 496 39 499 65 
12 9 497 39 500 65 503 100 496 26 499 51 502 54 495 12 498 37 501 40 
18 3 503 86 499 14 496 43 
60 3 497 43 503 40 500 69 
77 3 501 69 504 95 500 23 
17 4 501 23 505 49 504 26 507 84 
69 2 505 3 502 32 
65 8 506 81 502 9 509 38 505 35 508 70 501 96 504 21 507 24 
73 1 502 50 
28 5 510 79 506 76 503 4 509 1 505 7 
71 3 510 78 506 7 509 10 
55 4 510 10 507 39 513 68 506 93 
73 1 514 45 
78 7 512 42 508 71 515 99 511 96 514 54 507 79 510 5 
24 1 508 79 
14 4 516 8 512 5 509 34 515 40 
27 8 513 59 510 88 516 17 512 91 515 94 518 52 511 77 514 80 
31 7 519 6 516 3 512 32 515 57 518 15 511 41 514 66 
32 6 512 41 519 69 515 66 518 24 514 75 517 10 
83 5 519 33 515 29 518 87 521 13 514 38 
36 3 519 42 515 38 522 67 
94 3 523 67 519 64 516 93 
44 4 517 93 523 22 520 18 516 47 
83 7 524 99 521 96 517 24 520 50 523 8 519 59 522 94 
38 3 520 36 523 94 526 19 
87 4 527 19 524 48 520 45 523 80 
39 2 521 100 528 28 
35 8 522 77 528 6 525 34 521 31 524 34 527 92 523 20 526 78 
92 2 524 20 527 78 
92 2 525 75 531 3 
41 2 526 52 532 81 
95 7 526 29 533 58 530 87 529 64 532 89 525 15 528 50 
95 9 526 92 533 21 529 50 532 76 528 4 531 62 534 87 527 90 530 48 
48 7 532 93 528 90 535 19 531 48 534 73 527 99 530 34 
50 7 528 76 535 5 531 34 534 59 530 20 533 46 536 71 
50 7 534 46 531 74 537 71 530 74 533 32 536 57 529 83 
1 8 537 57 534 86 530 83 533 18 536 43 532 4 535 29 538 55 
4 6 533 81 536 7 539 32 532 90 535 16 538 41 
6 4 540 64 536 93 533 90 539 18 
60 1 537 70 
65 4 535 67 541 96 538 24 534 21 
63 8 542 73 538 2 535 98 541 27 537 88 540 13 543 39 536 74 
62 9 541 68 538 97 544 93 537 51 540 77 543 2 536 60 539 86 542 11 
62 1 544 57 
100 1 541 86 
62 2 539 82 545 11 
62 1 540 60 
57 5 547 88 544 17 543 72 546 97 549 23 
21 2 544 26 550 23 
21 2 545 3 551 100 
67 7 546 81 552 77 549 6 545 35 548 61 551 86 544 44 
18 6 552 86 549 15 545 44 548 69 551 95 547 56 
69 7 549 78 548 56 551 81 554 84 547 42 550 67 553 93 
69 7 551 67 548 96 554 93 547 28 550 53 553 79 549 39 
23 4 551 62 550 39 553 65 556 100 
76 2 554 20 551 48 
71 8 555 97 551 26 558 22 554 51 557 54 550 12 553 37 556 63 
25 4 551 89 558 86 554 15 557 40 
79 1 555 92 
84 5 553 21 559 17 556 46 555 23 558 49 
27 3 556 1 559 26 562 84 
11 9 563 84 560 81 556 10 559 35 562 70 555 96 558 21 561 24 557 7 
32 1 559 53 
97 1 560 30 
78 4 560 7 563 33 566 68 559 93 
34 9 567 45 564 42 560 71 563 96 566 54 559 80 562 5 565 8 561 91 
86 9 563 37 566 62 562 91 565 17 568 52 561 77 564 3 567 38 560 63 
90 6 562 9 568 38 565 35 561 63 564 89 567 24 
42 4 569 47 565 43 562 72 568 1 
96 8 566 21 569 78 565 75 568 78 571 36 564 61 567 87 570 22 
95 2 565 16 572 44 
41 7 566 93 572 22 569 19 565 47 568 73 571 8 567 59 
95 4 569 82 568 59 572 17 571 94 
98 1 569 13 
3 5 570 91 576 20 573 48 569 45 572 48 
8 9 577 51 573 48 570 77 576 6 569 31 572 57 575 92 571 43 574 78 
53 7 576 23 572 20 575 78 578 3 571 29 574 64 577 90 
4 9 575 64 572 61 578 90 571 15 574 18 577 76 573 27 576 62 579 87 
56 6 574 81 577 39 580 65 573 90 576 48 579 73 
58 7 581 96 577 25 574 22 580 51 573 76 576 34 579 60 
60 6 577 34 574 31 580 60 576 88 579 46 582 71 
11 5 577 42 583 71 580 100 576 97 579 32 
63 3 584 3 580 32 577 29 
22 3 578 29 584 57 581 86 
71 4 582 86 578 83 585 12 581 18 
65 1 579 37 
70 7 587 66 583 95 580 92 586 21 582 4 585 30 588 55 
65 3 586 30 583 58 589 55 
65 3 590 55 587 84 583 81 
14 4 584 81 591 10 588 38 587 16 
18 1 585 35 
22 5 593 64 589 93 586 90 592 18 585 44 
70 9 590 47 586 44 593 73 589 2 592 27 588 88 591 13 594 39 587 74 
23 7 589 20 595 16 592 45 588 74 591 100 594 25 587 51 
71 1 595 25 
65 0 
93 2 597 2 594 31 
34 5 598 80 595 8 591 5 594 63 597 89 
77 3 592 60 598 89 595 17 
36 6 596 17 599 43 595 72 598 97 601 23 594 58 
77 5 596 81 602 77 599 6 595 35 598 61 
80 2 603 32 599 61 
80 2 603 9 600 38 
34 7 604 86 601 15 597 44 600 70 603 95 599 56 602 81 
79 6 600 56 603 81 606 7 599 42 602 67 605 93 
30 5 607 16 603 45 600 73 606 70 599 28 
33 2 604 99 600 28 
33 2 605 76 601 5 
87 9 605 53 602 82 608 79 604 40 607 65 610 91 603 26 606 51 609 77 
84 3 611 22 607 51 604 80 
94 3 605 80 611 77 608 6 
43 4 609 6 606 35 612 31 605 89 
42 5 613 9 609 37 606 66 612 63 608 23 
14 8 613 95 609 23 612 49 615 84 608 10 611 35 614 61 607 96 
42 7 612 90 609 18 615 15 608 73 611 99 614 24 610 7 
93 8 612 30 611 7 614 33 617 68 610 94 613 19 616 54 609 80 
96 5 614 74 611 2 617 99 610 57 613 82 
100 3 618 54 614 82 611 11 
58 3 612 11 618 8 615 37 
7 4 616 37 619 63 615 91 618 17 
97 7 616 69 619 94 622 52 615 77 618 3 621 38 614 64 
51 4 622 38 619 35 615 64 618 89 
100 5 616 41 623 70 619 66 622 92 618 75 
2 3 623 46 619 75 622 1 
51 4 623 1 620 30 626 36 619 61 
3 2 627 13 624 10 
99 8 628 90 624 87 621 16 627 22 620 47 623 73 626 8 622 59 
56 1 627 85 
11 5 625 82 624 59 627 17 630 20 623 45 
33 7 628 16 624 45 631 74 627 71 630 6 623 31 626 57 
9 9 624 31 631 60 627 57 630 92 626 43 629 78 632 4 625 29 628 55 
61 9 630 32 626 29 633 58 629 55 632 90 625 15 628 41 631 76 627 27 
65 6 629 73 632 30 628 27 631 62 634 87 627 13 
66 5 629 36 635 65 632 93 628 90 631 48 
70 2 636 19 632 48 
70 2 637 96 633 25 
24 9 637 74 634 2 630 99 633 25 636 60 632 11 635 46 638 71 631 97 
21 3 633 43 639 71 636 100 
30 3 637 100 633 97 640 26 
79 4 641 26 638 55 634 51 637 9 
78 7 635 29 641 57 638 86 634 83 637 18 640 44 636 95 
74 3 638 50 637 95 641 52 
23 4 642 52 638 49 641 7 644 32 
80 5 642 84 638 81 645 10 641 16 644 41 
30 7 639 13 645 41 642 70 638 67 641 2 644 27 640 88 
82 6 642 11 641 88 644 14 647 39 640 65 643 100 
33 5 645 22 641 19 648 48 644 77 647 2 
36 2 642 74 648 2 
36 2 642 51 649 80 
90 9 643 28 650 57 646 86 649 11 645 72 648 97 651 23 644 81 647 84 
87 4 649 29 645 58 652 55 648 84 
87 4 646 35 653 32 649 61 652 86 
90 1 650 38 
95 5 647 35 654 64 651 92 650 70 653 95 
38 3 648 66 654 95 651 24 
97 5 652 24 655 50 651 56 654 81 657 7 
89 4 652 10 658 7 655 36 651 42 
92 1 659 61 
97 5 657 90 653 19 660 16 656 45 659 70 
45 9 654 74 660 70 657 99 653 28 656 54 659 79 655 40 658 65 661 91 
43 3 656 17 659 43 662 68 
97 7 663 68 660 97 656 26 659 51 662 77 655 12 658 37 
98 9 656 12 663 9 659 37 662 63 658 24 661 49 664 75 657 10 660 35 
50 7 662 81 658 10 665 6 661 35 664 61 657 96 660 21 
52 5 658 96 665 93 661 21 664 47 660 7 
54 6 665 79 661 7 664 33 667 91 660 94 663 19 
5 5 665 42 661 71 668 68 664 96 667 22 
8 2 662 25 668 22 
8 2 663 2 669 99 
62 7 663 80 670 77 666 5 669 31 665 91 668 17 671 52 
82 0 
57 9 667 23 673 52 670 49 666 78 669 3 672 61 665 64 668 89 671 15 
10 3 673 60 669 89 666 18 
19 3 667 18 673 15 670 44 
69 3 671 44 668 72 674 69 
18 4 675 69 672 98 671 75 674 1 
12 2 672 53 675 78 
66 8 673 7 679 36 676 33 672 61 675 87 678 45 671 48 674 73 
15 1 679 99 
71 4 677 96 673 25 680 54 676 50 
69 5 674 2 680 31 677 28 676 59 679 85 
37 5 677 36 680 62 683 20 676 45 679 71 
68 8 684 74 680 71 677 100 683 6 676 31 679 57 682 15 678 43 
71 6 683 69 680 66 679 43 682 1 685 4 678 29 
73 6 680 52 686 81 683 78 679 6 682 32 685 90 
25 4 687 12 683 9 680 38 686 67 
79 9 684 87 680 15 687 44 683 41 686 76 682 27 685 85 688 88 681 13 
27 3 683 59 689 88 686 16 
37 2 687 16 683 13 
27 3 688 94 684 90 691 19 
40 9 692 19 688 16 685 45 691 74 684 99 687 25 690 60 686 11 689 46 
27 2 691 91 687 88 
34 9 692 69 688 65 691 23 694 49 687 74 690 32 693 58 686 83 689 9 
76 2 691 86 687 83 
86 2 692 64 688 60 
37 6 692 9 689 38 696 66 695 44 691 95 694 30 
37 6 696 53 692 49 695 7 698 33 691 58 694 16 
39 7 696 39 692 35 699 64 695 93 698 19 691 44 694 2 
41 5 692 44 699 73 695 2 698 28 694 79 
89 7 699 82 695 79 698 14 701 39 694 65 697 100 700 25 
43 4 698 100 695 97 701 25 694 51 
92 6 702 3 699 31 695 28 698 86 701 11 697 95 
43 6 699 17 698 95 702 20 701 98 704 23 697 49 
45 4 699 72 705 100 702 29 698 26 
99 1 706 78 
3 5 704 6 700 3 707 32 703 61 706 86 
51 9 701 58 707 86 704 15 700 12 703 70 706 95 702 79 705 81 708 7 
50 2 703 33 706 59 
55 6 710 7 707 36 703 65 706 68 709 93 702 19 
1 1 704 42 
15 5 711 70 708 99 704 96 707 54 710 79 
53 9 705 50 711 79 708 8 707 40 710 65 713 91 706 49 709 51 712 77 
6 9 714 23 710 51 707 80 713 77 706 35 709 38 712 63 708 24 711 49 
9 6 713 95 709 24 712 49 715 75 708 10 711 35 
11 5 713 58 709 87 716 84 712 13 715 38 
14 2 710 41 716 38 
14 2 710 19 717 15 
68 8 711 96 718 93 714 21 717 47 713 8 716 33 719 59 712 94 
16 2 717 88 714 16 
62 6 718 65 714 94 721 90 717 19 720 45 713 80 
18 1 715 3 
64 4 722 99 719 28 715 57 718 83 
21 8 716 34 722 31 719 60 718 91 721 17 724 75 717 78 720 3 
20 1 725 29 
75 5 723 26 719 55 726 52 722 80 725 6 
23 7 720 9 726 6 723 35 719 64 722 89 725 15 721 75 
23 9 723 98 722 75 725 1 728 59 721 62 724 87 727 45 720 48 726 99 
25 9 728 44 724 73 721 2 727 99 723 59 726 85 729 43 722 45 725 71 
29 6 727 17 723 45 730 74 726 71 729 29 722 32 
81 4 724 54 730 83 727 80 723 9 
35 1 731 60 
40 4 728 57 725 86 731 15 727 43 
32 3 728 43 731 69 734 4 
84 1 735 4 
84 1 733 1 
43 2 730 29 737 58 
92 4 731 7 738 35 734 32 737 90 
86 2 735 9 732 38 
81 6 736 87 732 15 739 44 735 41 738 99 734 27 
86 2 736 50 735 27 
86 2 740 8 736 4 
40 8 740 85 737 82 743 88 736 13 739 39 742 74 735 99 738 25 
39 2 743 51 740 48 
53 5 744 28 740 25 737 54 743 83 739 11 
20 0 
95 9 741 11 744 69 747 72 740 97 743 55 746 58 739 83 742 9 745 44 
97 5 747 89 743 86 740 15 746 44 742 95 
95 9 747 98 743 95 746 53 749 55 742 81 745 39 748 42 741 67 744 93 
48 6 746 70 742 67 749 96 745 93 748 28 744 79 
49 5 746 2 745 79 749 37 748 14 751 39 
2 3 746 11 752 39 749 68 
61 3 750 68 746 65 753 94 
10 4 754 94 750 23 747 19 753 25 
4 1 751 77 
8 7 749 74 755 3 752 31 748 28 751 86 754 12 750 63 
4 3 752 18 751 63 755 20 
53 4 756 20 752 17 755 75 758 100 
10 8 756 52 752 49 759 78 755 84 758 9 751 35 754 93 757 95 
60 8 752 89 759 18 755 47 758 73 754 79 757 82 760 7 753 33 
40 9 758 59 755 56 761 84 754 10 757 68 760 93 753 19 756 77 759 79 
14 7 761 25 757 54 754 51 760 79 756 63 759 65 762 91 
65 6 760 65 757 94 763 91 756 49 759 52 762 77 
67 7 764 100 760 29 757 26 763 54 756 80 759 38 762 63 
68 5 760 38 757 34 763 63 759 47 762 49 
70 4 760 1 763 27 766 52 759 10 
23 2 767 29 764 58 
18 6 768 7 764 35 761 64 767 61 760 19 763 22 
74 1 765 44 
20 6 762 73 769 70 765 99 768 24 764 8 767 33 
25 2 769 56 765 85 
29 6 769 33 766 62 772 59 765 17 768 19 771 45 
75 1 773 68 
90 5 770 97 767 25 773 22 766 80 769 5 
28 9 774 77 770 5 767 34 773 31 769 92 772 17 775 43 768 78 771 3 
81 9 773 49 769 78 776 74 772 3 775 29 768 87 771 89 774 15 770 75 
84 6 772 21 775 47 771 75 774 1 777 59 770 62 
86 5 772 84 778 13 775 10 771 39 774 64 
89 2 779 36 775 64 
89 2 779 13 776 42 
43 7 780 90 777 19 773 48 776 73 779 99 775 59 778 85 
88 5 776 59 779 85 782 43 775 46 778 71 
89 4 783 74 779 71 776 100 782 29 
39 5 780 48 777 77 783 6 776 32 779 57 
91 3 784 28 780 57 777 86 
50 3 778 86 784 83 781 12 
99 4 782 12 785 37 781 43 784 69 
42 2 782 21 785 46 
96 8 789 27 786 23 783 52 782 29 785 55 788 13 781 16 784 41 
45 1 789 67 
1 4 787 64 783 93 790 22 786 18 
99 5 784 70 790 99 787 96 786 27 789 53 
76 5 787 4 790 30 793 88 786 13 789 39 
98 9 794 42 790 39 787 68 793 97 786 99 789 25 792 83 788 11 791 69 
51 9 793 14 789 11 792 69 795 72 788 97 791 23 794 80 787 83 790 9 
54 6 792 55 788 83 795 12 791 9 794 67 790 95 
56 4 792 18 791 95 794 53 797 56 
8 2 795 7 792 4 
72 8 796 84 792 81 799 10 795 39 798 42 791 67 794 93 797 51 
58 5 792 44 799 73 795 70 798 28 794 79 
10 3 799 82 795 79 798 37 
60 3 799 37 796 33 802 39 
63 1 803 39 
63 1 801 68 
21 1 798 65 
12 1 806 94 
71 2 803 23 800 20 
20 4 804 100 801 97 807 26 800 51 
58 3 808 3 805 32 801 28 
68 6 802 28 809 57 805 54 808 12 804 63 807 21 
14 2 809 43 805 40 
19 6 809 21 806 17 812 23 805 49 808 7 811 9 
19 8 813 32 809 61 806 58 812 87 805 12 808 70 811 96 807 47 
21 8 812 73 809 2 808 47 811 82 814 7 807 33 810 91 813 93 
73 6 808 87 815 16 811 45 814 71 807 96 810 54 
26 4 811 77 808 73 815 2 814 79 
75 5 812 31 809 28 815 57 811 63 814 66 
77 3 812 17 815 43 818 68 
79 9 819 68 816 97 812 94 815 52 818 77 811 3 814 61 817 63 813 47 
28 4 815 92 818 18 814 47 817 49 
31 2 815 1 818 27 
85 6 822 75 819 4 815 33 818 36 821 61 814 87 
31 1 816 10 
45 7 823 38 820 67 816 64 819 22 822 47 818 31 821 33 
33 4 819 8 822 33 825 59 818 17 
84 1 826 36 
89 5 824 65 820 94 827 91 823 19 826 45 
36 9 821 48 827 45 824 74 820 3 823 6 826 31 822 14 825 17 828 43 
89 7 823 69 826 95 829 20 822 78 825 3 828 29 821 87 
40 8 829 29 826 58 822 87 825 89 828 15 824 76 827 1 830 27 
43 5 825 53 828 78 831 4 823 81 830 10 
10 7 824 81 831 10 827 39 830 65 826 71 829 73 832 99 
47 3 830 73 827 2 833 99 
47 3 834 99 831 28 827 57 
96 5 828 57 835 53 832 82 831 60 834 85 
48 3 829 88 835 85 832 14 
7 3 833 14 829 43 836 40 
56 4 837 40 834 68 830 97 833 23 
55 6 831 42 837 71 834 100 833 54 836 57 839 83 
1 1 834 86 
10 1 841 83 
1 1 839 12 
60 1 836 41 
50 2 844 37 841 66 
68 4 845 15 841 43 838 72 844 69 
42 2 842 21 839 49 
66 6 843 98 839 27 846 23 842 30 845 55 841 16 
57 8 843 38 842 16 845 41 848 67 841 24 844 27 847 53 840 11 
6 9 845 5 842 33 848 30 841 88 844 13 847 39 843 100 846 25 849 83 
10 8 844 77 847 2 850 60 843 86 846 11 849 37 842 94 845 97 
64 4 850 91 847 20 843 49 846 75 
18 9 844 26 850 23 847 52 846 83 849 9 852 67 845 70 848 95 851 53 
66 5 853 98 849 95 846 24 852 53 845 78 
15 5 850 50 846 78 853 75 849 81 852 7 
68 3 847 10 853 7 850 36 
26 4 851 36 854 61 850 67 853 93 
69 2 851 45 854 70 
23 8 858 51 855 47 852 76 851 53 854 79 857 37 850 40 853 65 
73 9 858 91 855 88 851 17 854 42 857 68 853 51 856 77 859 35 852 37 
76 8 854 83 860 12 857 9 853 37 856 63 859 21 852 23 855 49 
27 7 860 75 857 72 853 1 856 26 859 84 855 35 858 93 
78 7 856 35 859 93 862 18 855 21 858 47 861 5 854 7 
32 3 862 82 859 79 855 7 
32 3 856 7 863 36 859 33 
82 6 860 33 857 62 863 91 859 19 862 77 865 80 
36 2 860 51 866 80 
36 2 861 28 867 57 
90 7 861 5 868 34 864 31 867 88 860 91 863 17 866 75 
85 5 864 17 861 46 867 75 863 3 866 61 
87 3 864 80 867 38 870 63 
90 1 871 63 
90 1 869 92 
49 1 866 89 
39 1 874 18 
98 2 871 47 868 44 
47 2 872 24 869 21 
1 9 873 1 870 98 876 27 869 52 872 78 875 36 871 87 874 45 877 47 
44 7 872 41 875 99 878 25 871 50 874 8 877 33 870 59 
95 8 878 33 875 62 871 59 874 17 877 42 873 71 876 28 879 31 
99 5 874 25 877 83 880 9 873 34 876 92 
51 3 881 63 877 92 874 89 
10 4 875 89 881 17 878 46 874 43 
50 5 882 95 879 23 875 20 878 78 881 3 
2 3 876 75 882 3 879 32 
61 3 880 32 883 58 879 87 
1 6 880 87 883 12 886 15 879 41 882 98 885 1 
55 2 887 24 883 53 
60 6 887 1 884 30 880 27 883 85 886 87 882 71 
55 2 884 93 883 71 
55 2 888 19 884 48 
9 9 889 96 885 25 888 51 891 76 884 34 887 60 890 85 883 11 886 68 
8 2 888 14 884 11 
58 2 889 91 885 88 
12 6 889 68 886 65 893 94 892 71 888 55 891 57 
13 8 893 80 889 9 892 35 895 60 888 18 891 44 894 69 887 27 
13 8 892 21 889 50 895 46 888 4 891 30 894 55 890 38 893 41 
67 6 891 16 894 41 897 67 890 25 893 27 896 53 
18 6 898 76 894 5 891 33 897 30 890 88 893 14 
70 4 895 36 891 65 898 62 894 91 
92 3 892 42 898 39 895 68 
78 5 896 68 899 94 895 22 898 25 901 51 
71 5 896 54 902 51 899 80 895 8 898 11 
23 3 903 83 899 11 896 40 
82 4 897 40 903 37 900 66 896 95 
22 5 904 14 901 43 897 72 900 97 903 23 
74 3 898 26 904 23 901 52 
33 3 902 52 905 77 901 6 
41 4 902 6 906 32 905 9 908 67 
25 2 906 86 903 15 
88 8 907 64 903 92 910 89 906 95 909 21 902 78 905 81 908 7 
28 1 903 33 
84 4 911 30 907 59 904 87 910 84 
82 6 908 36 911 61 907 67 910 93 913 51 906 76 
97 1 908 99 
43 6 915 28 912 25 908 54 911 79 914 37 907 62 
64 7 909 85 915 14 912 11 908 40 911 65 914 91 910 51 
35 5 912 74 911 51 914 77 917 35 910 37 
37 4 915 9 911 37 918 66 914 63 
86 7 912 15 919 43 915 40 918 98 911 24 914 49 917 7 
37 6 915 49 912 78 918 7 914 35 917 61 920 19 
56 5 915 90 921 19 918 15 914 21 917 47 
41 3 922 50 918 47 915 76 
99 3 916 76 922 5 919 1 
48 6 920 1 917 30 923 59 916 85 919 10 922 68 
45 9 923 91 920 88 919 19 922 77 925 2 918 5 921 31 924 89 917 91 
47 9 919 37 925 66 922 63 918 91 921 17 924 75 920 3 923 61 926 86 
65 2 921 80 924 38 
2 6 928 86 925 15 922 12 921 89 924 15 927 72 
83 6 929 95 925 92 922 21 928 50 921 75 924 1 
51 8 926 24 922 52 929 81 925 78 928 36 924 87 927 45 930 70 
30 8 925 64 928 22 931 47 924 73 927 31 930 56 923 59 926 85 
5 7 931 11 928 40 924 36 927 62 930 20 926 71 929 29 
24 6 927 71 930 29 933 31 926 57 929 15 932 40 
75 5 934 63 930 92 927 89 933 17 926 43 
11 2 931 46 927 43 
11 2 932 24 928 20 
64 9 932 1 929 98 935 26 931 55 934 12 937 15 930 41 933 99 936 1 
5 5 938 47 934 76 931 73 937 1 930 27 
65 1 935 30 
74 1 932 27 
65 1 940 56 
24 1 937 85 
14 2 935 81 941 10 
31 2 936 59 942 87 
17 9 937 36 943 65 940 94 939 71 942 96 945 99 938 25 941 82 944 85 
70 7 946 31 942 60 939 56 945 85 938 11 941 69 944 71 
72 7 942 46 939 43 945 71 941 55 944 80 947 83 940 41 
72 7 948 83 945 12 941 41 944 66 947 69 940 95 943 52 
91 8 941 95 948 24 944 52 947 55 943 39 946 41 949 67 942 25 
26 6 947 19 944 47 950 44 943 2 946 28 949 53 
79 3 951 76 947 5 944 34 
42 8 945 34 951 30 948 59 944 88 947 14 950 39 946 22 949 25 
82 1 947 100 
54 2 948 77 951 3 
36 7 955 51 952 80 948 9 951 11 954 37 947 95 950 20 
100 3 948 95 955 91 951 20 
100 3 952 20 949 49 956 46 
49 4 957 46 953 75 950 4 956 100 
89 5 954 52 957 78 953 6 956 9 959 35 
61 5 954 38 960 35 957 64 953 92 956 95 
38 8 961 67 957 95 954 24 960 21 953 79 956 4 959 7 955 90 
99 5 960 84 957 13 956 90 959 93 962 51 
40 8 957 22 963 51 960 48 956 76 959 79 962 5 955 62 958 65 
94 4 963 59 960 88 956 17 959 43 
48 1 957 94 
53 5 964 91 961 20 960 74 963 77 966 35 
95 6 961 6 967 35 964 31 960 60 963 63 966 21 
96 5 968 44 964 40 961 69 967 98 960 24 
99 2 965 95 961 24 
99 2 966 72 962 1 
53 7 966 49 963 78 969 75 965 35 968 61 971 19 964 44 
66 4 972 19 969 15 965 44 968 47 
1 1 966 99 
6 7 974 27 970 24 967 53 973 82 966 8 969 33 972 91 
52 2 970 33 967 62 
62 2 971 10 968 39 
16 6 972 88 975 13 971 19 974 45 977 3 970 5 
6 8 972 28 978 57 975 54 971 83 974 8 977 66 970 91 973 17 
57 8 978 43 975 40 971 69 974 94 977 52 973 3 976 61 979 86 
96 5 974 80 977 6 980 64 973 89 976 15 
10 8 981 18 977 15 974 44 980 73 973 75 976 1 979 59 975 87 
14 5 980 13 977 10 976 87 979 45 982 70 
80 6 977 42 983 70 980 99 976 73 979 31 982 56 
82 7 984 79 980 76 977 5 983 34 976 59 979 85 982 43 
83 5 980 85 977 14 983 43 979 71 982 29 
85 4 980 48 983 6 986 31 979 57 
70 2 987 9 984 37 
33 8 988 86 984 15 981 12 987 40 980 43 983 69 986 26 982 55 
22 1 987 81 
78 5 985 78 984 55 987 13 990 38 983 41 
8 3 988 44 984 41 991 70 
37 2 992 70 988 99 
41 1 993 47 
37 5 990 76 987 73 993 1 986 27 989 85 
43 9 994 56 990 85 987 82 993 10 989 39 992 96 995 99 988 25 991 83 
96 9 993 28 989 25 996 54 992 83 995 8 988 11 991 69 994 94 990 55 
99 6 992 100 995 26 991 55 994 80 997 83 990 9 
33 5 992 32 998 60 995 89 991 86 994 44 
36 2 999 15 995 44 
36 2 1000 92 996 21 
90 9 1000 69 997 98 993 95 996 53 999 78 995 39 998 64 1001 67 994 25 
55 3 996 70 1002 67 999 96 
96 3 1000 96 996 25 1003 22 
46 4 1004 22 1000 50 997 79 1003 53 
40 1 1001 5 
44 5 999 2 1005 30 1002 59 998 56 1001 14 
92 9 1006 85 1002 14 999 10 1005 39 1001 23 1004 48 1007 51 1000 9 1003 34 
59 2 1005 80 1001 9 
9 2 1006 57 1002 86 
95 6 1006 34 1003 63 1010 60 1009 37 1002 95 1005 20 
60 1 1007 43 
7 4 1004 72 1011 69 1007 98 1010 23 
96 8 1008 75 1005 72 1011 100 1007 6 1010 9 1013 35 1006 93 1009 18 
13 9 1014 12 1011 41 1007 70 1010 95 1013 21 1006 79 1009 4 1012 7 1008 90 
17 8 1010 36 1013 62 1009 90 1012 93 1015 19 1008 76 1011 2 1014 5 
3 4 1009 31 1016 28 1012 57 1015 82 
57 1 1013 34 
61 5 1010 63 1017 59 1013 88 1016 91 1012 74 
71 4 1017 45 1013 74 1016 77 1019 35 
23 2 1017 54 1014 83 
19 8 1018 32 1014 60 1021 57 1017 63 1020 89 1013 46 1016 72 1019 75 
59 1 1014 1 
14 8 1017 78 1018 55 1015 52 1022 81 1019 10 1020 87 1021 64 1016 90 
19 4 1022 84 1020 13 1019 41 1017 38 
14 5 1017 90 1020 67 1019 96 1022 73 1018 50 
72 2 1021 22 1022 50 
72 3 1020 99 1022 28 1021 5 
79 3 1021 5 1020 2 1022 30 
36 1 1021 30 
36 0 
82 0 
32 0 
