128
79 2 8 20 5 17 
96 8 9 97 5 94 2 23 8 29 4 80 7 38 10 41 3 66 
54 2 8 92 5 89 
100 7 9 69 5 66 12 95 8 24 11 27 4 52 7 78 
5 3 5 52 12 81 8 78 
5 3 9 78 6 7 13 36 
54 4 14 36 10 32 7 61 13 90 
94 5 11 10 14 67 10 64 13 99 16 25 
22 8 11 96 17 25 14 53 10 50 13 8 16 11 9 36 12 94 
81 8 17 88 14 17 10 14 13 71 16 97 12 48 15 83 18 8 
13 6 13 2 16 60 19 86 12 11 15 69 18 95 
15 7 20 17 16 46 13 43 19 72 12 97 15 55 18 81 
17 5 16 55 13 52 19 81 15 64 18 67 
18 4 16 86 19 44 22 70 15 95 
71 2 23 47 20 76 
66 8 24 24 20 53 17 50 23 78 16 4 19 39 22 65 18 48 
69 5 23 42 20 71 19 48 22 51 25 76 
22 3 20 79 26 76 23 5 
12 3 24 5 20 34 27 31 
62 4 28 31 25 60 21 56 24 14 
60 7 22 34 28 62 25 91 21 88 24 23 27 48 23 32 
24 3 25 55 24 32 28 57 
73 4 29 57 25 86 28 12 31 37 
30 6 29 89 25 18 32 15 28 21 31 46 24 4 
31 6 26 27 32 24 29 52 25 49 28 7 31 32 
80 8 33 55 29 84 26 81 32 10 28 93 31 19 34 44 27 2 
47 9 32 96 29 25 35 21 28 79 31 5 34 30 27 88 30 91 33 16 
34 7 35 62 31 91 28 20 34 16 30 77 33 2 36 28 
85 6 34 2 31 31 37 28 30 63 33 89 36 14 
87 5 38 37 34 66 31 95 37 91 30 49 
90 2 35 20 31 49 
90 2 36 97 32 26 
76 8 36 75 33 3 39 100 35 61 38 86 41 12 34 47 37 72 
92 2 42 66 39 95 
38 6 43 44 39 72 36 1 42 98 35 33 38 59 
93 1 40 81 
40 4 37 10 44 7 40 36 43 61 
97 8 41 13 44 39 40 45 43 70 46 28 39 31 42 56 45 82 
95 1 40 8 
83 5 48 5 44 34 41 62 47 59 40 17 
99 7 45 88 41 17 48 14 44 42 47 68 43 29 46 54 
99 9 44 29 47 54 50 12 43 15 46 40 49 98 42 1 45 26 48 52 
51 8 50 30 46 26 43 55 49 52 45 12 48 38 51 73 44 99 
6 5 49 93 46 21 52 50 45 76 48 1 
9 2 53 5 49 1 
9 2 53 82 50 79 
95 7 54 59 51 56 47 85 50 10 53 68 49 96 52 22 
8 3 50 96 53 22 56 57 
11 1 57 57 
11 1 55 54 
1 1 52 82 
60 1 60 11 
51 4 57 8 54 37 60 66 53 69 
62 2 61 20 58 17 
57 6 62 97 58 94 55 23 61 52 57 80 60 38 
62 2 62 61 58 57 
67 8 62 38 59 35 65 41 58 66 61 92 64 27 57 52 60 78 
65 9 65 4 62 1 58 30 61 55 64 13 60 64 63 22 66 25 59 50 
69 8 61 96 67 25 64 53 60 50 63 8 66 11 59 36 62 62 
20 7 67 88 64 85 60 14 63 39 66 97 62 48 65 6 
71 9 63 48 66 6 69 9 62 34 65 92 68 95 61 20 64 78 67 81 
77 3 69 26 65 55 62 52 
19 3 63 52 69 81 66 78 
68 3 67 78 70 35 66 32 
76 4 67 32 71 90 70 67 73 92 
28 2 71 44 68 41 
24 8 72 21 68 18 75 47 71 76 74 79 67 4 70 62 73 65 
32 9 68 59 75 87 71 16 74 42 70 48 73 51 76 76 69 2 72 37 
35 8 74 82 70 79 77 8 73 37 76 62 69 88 72 46 75 49 
86 8 70 43 77 71 73 100 76 26 72 32 75 35 78 60 71 18 
12 5 76 12 73 41 79 38 72 63 75 21 
89 7 80 92 76 21 73 18 79 46 72 72 75 30 78 32 
40 6 76 7 73 4 79 32 75 16 78 19 81 44 
91 5 76 47 82 44 79 73 75 2 78 5 
44 3 83 76 79 5 76 34 
34 4 77 34 83 30 80 59 76 88 
42 7 84 8 81 36 77 33 80 91 83 16 79 100 82 3 
97 3 80 77 83 3 86 28 
46 4 87 28 84 57 80 86 83 89 
98 2 81 40 88 37 
94 6 82 17 88 14 85 43 81 72 84 75 87 100 
49 1 89 23 
95 6 86 52 83 81 89 78 85 61 88 86 91 12 
100 2 86 15 92 12 
100 2 87 92 93 89 
54 7 87 70 94 66 91 95 90 73 93 98 86 56 89 59 
54 9 87 33 94 30 90 59 93 84 89 45 92 70 95 96 88 31 91 56 
7 6 93 2 89 31 96 28 92 56 95 82 88 40 
31 4 90 62 96 59 93 88 89 17 
59 4 97 36 94 65 90 94 93 20 
63 1 91 71 
99 7 98 68 95 97 94 29 97 54 100 12 93 15 96 40 
61 5 94 15 101 44 97 40 100 66 93 1 
14 3 98 72 94 1 101 98 
4 3 102 98 98 26 95 55 
54 4 96 55 102 52 99 81 98 13 
65 2 99 13 102 38 
14 5 100 67 106 96 103 93 99 99 102 24 
16 3 107 27 103 24 100 53 
6 4 101 53 107 82 104 79 100 85 
68 1 108 36 
5 5 106 33 102 62 109 59 105 88 108 13 
21 9 103 16 109 13 106 42 105 96 108 22 111 80 104 83 107 8 110 66 
19 2 112 11 108 8 
70 2 113 89 109 85 
24 6 113 66 110 63 107 91 106 69 109 94 112 52 
21 1 114 75 
67 4 111 71 108 100 114 29 110 80 
73 9 111 80 114 6 117 64 110 66 113 92 116 50 109 53 112 78 115 36 
75 9 117 81 113 78 110 7 116 36 112 64 115 22 118 25 111 50 114 76 
79 6 116 22 112 50 119 79 115 76 118 34 111 36 
31 4 113 59 119 88 116 85 112 14 
85 1 120 65 
22 5 117 62 114 91 120 20 116 48 119 6 
31 4 117 25 120 83 123 9 116 34 
84 2 124 86 121 15 
79 8 125 63 121 92 118 89 124 95 117 20 120 46 123 4 119 32 
37 2 124 58 121 55 
83 2 123 35 120 32 
37 6 126 13 124 9 123 38 121 67 120 64 122 41 
8 1 125 64 
32 5 126 93 124 70 125 99 122 76 123 73 
78 2 126 24 124 50 
32 2 124 30 126 7 
1 1 125 56 
45 1 126 85 
77 0 
69 0 
