2048
55 4 8 20 5 17 1 46 4 71 
4 1 2 23 
41 5 10 52 6 49 3 77 9 6 5 80 
52 3 10 83 6 80 9 38 
1 4 10 38 7 35 13 41 6 66 
54 2 14 18 11 47 
49 8 15 95 11 24 8 21 14 27 7 52 10 78 13 13 9 64 
6 2 14 90 11 87 
52 5 15 67 11 64 14 99 17 25 10 50 
12 7 15 53 11 50 18 79 14 8 17 11 10 36 13 94 
81 8 11 36 18 65 14 94 17 97 13 48 16 83 19 8 12 34 
62 9 17 60 14 57 20 86 13 11 16 69 19 95 12 20 15 78 18 81 
17 5 20 26 16 55 13 52 19 81 15 64 
15 6 20 35 16 64 19 67 22 92 15 18 18 53 
20 2 20 76 16 72 
57 8 20 53 17 50 23 78 16 4 19 39 22 65 18 48 21 51 
73 2 19 25 22 51 
73 2 20 79 26 76 
22 3 21 57 27 54 24 82 
73 5 25 82 21 79 28 8 24 37 27 62 
24 1 22 34 
65 1 29 62 
24 1 27 91 
14 2 24 88 31 17 
63 2 25 65 32 94 
17 9 26 42 33 71 29 100 32 26 28 32 31 35 34 60 27 18 30 21 
29 9 32 66 28 95 35 92 31 21 34 46 27 4 30 7 33 32 29 93 
32 6 31 38 34 64 30 93 33 19 36 44 29 2 
47 9 31 25 37 21 34 50 30 79 33 5 36 30 29 88 32 91 35 16 
34 7 37 62 33 91 30 20 36 16 32 77 35 2 38 28 
85 6 36 2 33 31 39 28 32 63 35 89 38 14 
87 5 40 37 36 66 33 95 39 91 32 49 
90 2 37 20 33 49 
90 2 38 97 34 26 
76 8 38 75 35 3 41 100 37 61 40 86 43 12 36 47 39 72 
92 2 44 66 41 95 
38 6 45 44 41 72 38 1 44 98 37 33 40 59 
93 1 42 81 
40 4 39 10 46 7 42 36 45 61 
97 8 43 13 46 39 42 45 45 70 48 28 41 31 44 56 47 82 
95 1 42 8 
83 5 50 5 46 34 43 62 49 59 42 17 
99 7 47 88 43 17 50 14 46 42 49 68 45 29 48 54 
99 9 46 29 49 54 52 12 45 15 48 40 51 98 44 1 47 26 50 52 
51 8 52 30 48 26 45 55 51 52 47 12 50 38 53 73 46 99 
6 5 51 93 48 21 54 50 47 76 50 1 
9 2 55 5 51 1 
9 2 55 82 52 79 
95 7 56 59 53 56 49 85 52 10 55 68 51 96 54 22 
8 3 52 96 55 22 58 57 
11 1 59 57 
11 1 57 54 
1 1 54 82 
60 1 62 11 
51 4 59 8 56 37 62 66 55 69 
62 2 63 20 60 17 
57 6 64 97 60 94 57 23 63 52 59 80 62 38 
62 2 64 61 60 57 
67 8 64 38 61 35 67 41 60 66 63 92 66 27 59 52 62 78 
65 9 67 4 64 1 60 30 63 55 66 13 62 64 65 22 68 25 61 50 
69 8 63 96 69 25 66 53 62 50 65 8 68 11 61 36 64 62 
20 7 69 88 66 85 62 14 65 39 68 97 64 48 67 6 
71 9 65 48 68 6 71 9 64 34 67 92 70 95 63 20 66 78 69 81 
77 3 71 26 67 55 64 52 
19 3 65 52 71 81 68 78 
68 3 69 78 72 35 68 32 
76 4 69 32 73 90 72 67 75 92 
28 2 73 44 70 41 
24 8 74 21 70 18 77 47 73 76 76 79 69 4 72 62 75 65 
32 9 70 59 77 87 73 16 76 42 72 48 75 51 78 76 71 2 74 37 
35 8 76 82 72 79 79 8 75 37 78 62 71 88 74 46 77 49 
86 8 72 43 79 71 75 100 78 26 74 32 77 35 80 60 73 18 
12 5 78 12 75 41 81 38 74 63 77 21 
89 7 82 92 78 21 75 18 81 46 74 72 77 30 80 32 
40 6 78 7 75 4 81 32 77 16 80 19 83 44 
91 5 78 47 84 44 81 73 77 2 80 5 
44 3 85 76 81 5 78 34 
34 4 79 34 85 30 82 59 78 88 
42 7 86 8 83 36 79 33 82 91 85 16 81 100 84 3 
97 3 82 77 85 3 88 28 
46 4 89 28 86 57 82 86 85 89 
98 2 83 40 90 37 
94 6 84 17 90 14 87 43 83 72 86 75 89 100 
49 1 91 23 
95 6 88 52 85 81 91 78 87 61 90 86 93 12 
100 2 88 15 94 12 
100 2 89 92 95 89 
54 7 89 70 96 66 93 95 92 73 95 98 88 56 91 59 
54 9 89 33 96 30 92 59 95 84 91 45 94 70 97 96 90 31 93 56 
7 6 95 2 91 31 98 28 94 56 97 82 90 40 
31 4 92 62 98 59 95 88 91 17 
59 4 99 36 96 65 92 94 95 20 
63 1 93 71 
99 7 100 68 97 97 96 29 99 54 102 12 95 15 98 40 
61 5 96 15 103 44 99 40 102 66 95 1 
14 3 100 72 96 1 103 98 
4 3 104 98 100 26 97 55 
54 4 98 55 104 52 101 81 100 13 
65 2 101 13 104 38 
14 5 102 67 108 96 105 93 101 99 104 24 
16 3 109 27 105 24 102 53 
6 4 103 53 109 82 106 79 102 85 
68 1 110 36 
5 5 108 33 104 62 111 59 107 88 110 13 
21 9 105 16 111 13 108 42 107 96 110 22 113 80 106 83 109 8 112 66 
19 2 114 11 110 8 
70 2 115 89 111 85 
24 6 115 66 112 63 109 91 108 69 111 94 114 52 
21 1 116 75 
67 4 113 71 110 100 116 29 112 80 
73 9 113 80 116 6 119 64 112 66 115 92 118 50 111 53 114 78 117 36 
75 9 119 81 115 78 112 7 118 36 114 64 117 22 120 25 113 50 116 76 
79 6 118 22 114 50 121 79 117 76 120 34 113 36 
31 4 115 59 121 88 118 85 114 14 
85 1 122 65 
22 5 119 62 116 91 122 20 118 48 121 6 
31 4 119 25 122 83 125 9 118 34 
84 2 126 86 123 15 
79 8 127 63 123 92 120 89 126 95 119 20 122 46 125 4 121 32 
37 2 126 58 123 55 
83 5 127 35 123 32 126 90 129 93 122 18 
38 1 127 21 
22 9 124 18 131 47 127 76 130 79 123 4 126 62 129 65 125 16 128 74 
40 1 130 19 
70 1 127 16 
31 0 
37 3 129 93 132 51 135 76 
43 8 136 76 133 5 129 2 132 60 135 63 128 88 131 46 134 49 
47 5 129 43 136 71 132 100 135 26 131 32 
45 7 136 3 132 32 135 35 138 60 131 86 134 44 137 46 
100 5 135 21 132 18 138 46 131 72 134 30 
98 7 139 1 135 30 132 27 138 33 134 16 137 19 140 44 
52 3 138 19 135 47 141 44 
52 3 142 44 139 73 135 2 
1 4 136 2 143 99 139 28 142 30 
54 2 140 82 137 79 
49 8 141 59 137 56 144 85 140 14 143 16 139 100 142 3 145 28 
7 1 140 54 
94 5 141 31 147 28 144 57 140 86 143 89 
59 9 148 60 144 89 141 18 147 14 140 72 143 98 146 100 142 84 145 87 
12 7 147 32 143 61 146 87 149 12 142 70 145 73 148 98 
63 8 146 73 143 1 149 98 142 56 145 59 148 84 144 68 147 70 
66 6 145 45 148 70 151 96 144 54 147 57 150 82 
17 5 152 5 148 34 145 63 151 59 144 17 
20 2 149 88 145 17 
20 2 150 65 146 94 
6 9 150 43 147 71 153 68 149 29 152 54 155 80 148 38 151 40 154 66 
71 3 156 12 152 40 149 69 
13 3 150 69 156 66 153 95 
62 4 154 95 150 24 157 20 153 27 
24 1 151 78 
61 7 159 75 155 4 152 33 158 29 154 13 157 38 160 96 
24 3 158 38 155 67 161 96 
24 3 162 96 159 93 156 21 
73 4 157 21 163 50 160 47 156 76 
81 5 164 28 160 24 157 53 163 50 156 8 
75 2 161 79 157 8 
75 2 162 56 158 85 
29 9 163 33 159 62 166 59 162 88 165 13 161 97 164 22 167 80 160 83 
82 7 162 28 168 57 165 54 161 83 164 8 167 66 160 69 
83 5 168 43 165 40 161 69 164 94 167 20 
82 9 162 23 168 20 165 49 164 80 167 6 170 64 163 67 166 92 169 50 
34 6 171 95 167 92 164 21 170 50 163 53 166 78 
87 4 168 1 164 30 171 59 167 55 
41 1 165 7 
78 5 172 36 169 33 168 64 171 90 174 48 
87 6 169 19 175 48 172 44 168 50 171 76 174 34 
89 5 176 56 172 53 169 82 175 11 168 37 
92 2 173 8 169 37 
92 2 174 85 170 14 
46 7 174 62 171 91 177 20 173 48 176 6 179 32 172 34 
49 4 180 9 177 6 173 34 176 60 
94 3 174 12 181 40 177 37 
48 7 178 37 175 66 181 95 174 20 177 46 180 4 176 32 
97 6 178 55 177 32 180 90 183 93 176 18 179 76 
48 9 181 99 177 96 184 24 180 53 183 79 176 4 179 30 182 88 178 16 
52 8 180 62 183 19 179 16 182 74 185 77 178 2 181 60 184 63 
6 5 179 57 186 85 182 14 185 40 178 66 
9 2 183 69 179 66 
9 2 183 46 180 43 
95 6 184 23 181 20 187 49 183 100 186 58 189 60 
59 2 184 32 190 60 
59 2 185 9 191 38 
13 9 185 86 192 15 188 44 191 47 184 72 187 30 190 33 186 16 189 42 
10 4 191 87 187 16 190 42 193 44 
13 1 191 96 
18 7 189 93 195 22 192 50 188 47 191 5 194 30 187 56 
36 3 195 30 192 59 188 56 
36 3 189 56 196 85 192 14 
13 3 193 14 190 11 197 39 
62 3 198 39 194 68 191 65 
12 4 192 65 198 94 195 23 194 100 
15 1 195 100 
15 1 196 77 
69 6 197 54 200 80 203 6 196 31 199 89 202 14 
69 8 204 37 200 66 197 63 203 92 196 17 199 75 202 1 198 84 
69 8 203 78 200 7 199 84 202 87 205 12 198 70 201 95 204 98 
23 6 199 24 206 21 202 50 205 76 198 1 201 59 
76 4 202 82 199 78 206 7 205 84 
25 5 203 36 200 33 206 62 202 68 205 71 
27 3 203 22 206 48 209 73 
30 1 210 73 
30 1 208 2 
21 1 205 31 
79 1 213 28 
70 2 210 57 207 85 
19 2 211 34 208 63 
73 9 212 11 208 40 215 37 211 65 214 68 210 52 213 54 216 80 209 38 
80 3 211 83 217 80 214 9 
21 3 215 9 211 38 218 34 
70 3 219 34 216 63 212 92 
88 4 213 92 220 89 216 18 219 43 
86 7 217 95 213 24 220 21 216 27 219 52 215 35 218 38 
36 8 216 13 219 38 222 64 215 22 218 24 221 50 214 8 217 11 
39 7 222 4 219 33 215 62 218 88 221 13 217 97 220 22 
90 7 218 97 221 22 224 80 217 5 220 8 223 34 216 92 
90 8 224 34 221 63 217 92 220 94 223 20 219 81 222 6 225 64 
94 6 220 58 223 83 226 41 219 67 222 92 225 50 
95 4 227 73 223 69 220 98 226 27 
49 1 224 47 
86 5 221 76 228 4 225 1 224 78 227 4 
97 3 222 7 228 4 225 33 
88 3 226 33 229 58 225 64 
49 1 226 64 
49 1 227 42 
3 7 228 19 234 48 231 45 227 51 230 76 233 34 226 59 
99 3 234 34 231 31 227 59 
99 3 228 59 235 88 232 85 
48 4 233 85 229 14 236 43 232 39 
56 7 230 91 236 20 233 17 232 48 235 74 238 32 231 34 
6 8 239 9 236 6 232 34 235 60 238 18 231 21 234 46 237 4 
100 5 232 98 239 27 235 23 238 81 234 32 
58 7 239 35 235 32 238 90 241 16 234 18 237 44 240 2 
58 7 238 44 235 73 241 2 234 4 237 30 240 88 236 16 
13 6 238 39 237 16 240 74 243 99 236 2 239 60 
64 5 241 83 237 80 244 8 240 37 243 63 
67 2 238 34 244 63 
67 2 239 11 245 40 
21 7 239 88 246 17 242 14 245 72 241 100 244 58 247 61 
33 8 245 35 242 32 248 61 241 86 244 44 247 69 240 72 243 30 
20 2 248 24 245 53 
66 6 249 1 245 30 242 27 248 56 244 84 247 42 
71 1 249 64 
17 7 246 61 249 19 252 44 245 70 248 28 251 31 244 56 
25 8 252 31 249 59 245 56 248 14 251 39 247 100 250 26 253 28 
28 7 248 22 251 80 254 6 247 31 250 89 253 14 246 40 
79 6 254 14 251 43 247 40 250 98 253 1 249 84 
30 5 251 7 250 84 253 9 256 12 249 70 
32 6 254 41 250 70 257 67 253 96 256 98 249 24 
33 5 251 47 257 76 254 4 250 1 253 59 
37 2 258 30 254 59 
37 2 259 7 255 36 
91 6 259 85 256 13 255 68 258 93 261 96 254 54 
86 2 256 77 262 73 
91 8 256 54 263 51 259 79 262 82 255 40 258 66 261 68 257 52 
39 2 262 46 259 74 
85 6 263 23 259 52 262 55 265 80 258 38 261 63 
90 2 263 86 259 15 
94 7 263 63 260 92 267 89 266 66 259 24 262 49 265 52 
95 7 263 27 260 56 266 52 262 36 265 38 268 64 261 22 
95 9 269 64 266 93 262 22 265 25 268 50 261 8 264 33 267 36 263 19 
48 7 265 65 268 91 264 19 267 22 270 48 263 6 266 8 
52 3 264 83 271 80 267 8 
52 3 268 8 265 37 271 34 
2 4 272 34 269 63 265 92 268 95 
54 1 266 46 
59 7 274 43 270 72 267 1 273 97 269 3 272 6 275 64 
54 3 273 6 270 35 276 64 
54 3 277 64 274 61 270 90 
4 4 271 90 278 18 275 15 274 92 
7 1 272 44 
12 5 280 73 276 70 273 98 279 95 272 53 
59 9 277 24 273 53 280 50 276 78 279 4 275 65 278 90 281 48 274 73 
58 2 276 19 282 48 
9 2 277 96 283 25 
63 6 277 73 284 2 281 99 280 76 283 34 276 60 
60 1 278 82 
6 4 285 11 282 8 278 37 281 62 
63 8 279 14 286 11 282 40 285 65 281 48 284 74 287 32 280 57 
12 1 285 51 
68 4 283 80 289 9 286 6 282 35 
66 5 290 86 287 83 283 12 286 37 289 95 
19 3 284 66 290 95 287 92 
9 4 288 92 284 21 291 49 287 46 
17 7 285 98 292 27 288 23 291 81 287 32 290 58 293 16 
17 7 291 58 288 87 294 16 287 18 290 44 293 2 286 27 
68 6 294 2 291 99 287 27 290 30 293 88 289 16 
73 2 291 39 290 16 
73 2 295 97 291 93 
27 8 295 74 292 71 298 100 291 2 294 28 297 86 290 88 293 14 
26 1 298 40 
81 5 296 37 292 66 299 94 295 91 298 49 
29 9 293 20 299 49 296 46 295 100 298 58 301 83 294 86 297 44 300 70 
28 2 302 15 298 44 
79 1 303 92 
74 5 300 21 297 18 303 47 296 72 299 98 
84 9 304 1 300 98 297 27 303 56 299 84 302 42 305 67 298 70 301 28 
33 8 303 73 299 70 306 99 302 28 305 53 298 56 301 14 304 40 
84 9 299 34 306 62 302 91 305 17 301 68 304 26 307 28 300 54 303 12 
87 6 305 57 301 54 308 83 304 12 307 37 300 40 
40 4 302 63 308 92 305 21 301 17 
89 3 309 69 305 98 302 95 
80 5 303 95 309 23 306 52 305 84 308 10 
40 4 306 61 309 87 312 12 305 38 
93 2 313 90 310 18 
88 8 314 67 310 96 307 92 313 98 306 24 309 82 312 7 308 68 
45 2 313 62 310 91 
91 5 314 39 310 68 313 93 316 96 309 54 
55 6 314 25 310 54 317 51 313 80 316 82 309 8 
49 9 311 31 317 60 314 88 310 85 313 43 316 69 312 52 315 77 318 80 
52 8 313 6 316 32 319 57 312 15 315 41 318 66 311 24 314 50 
52 8 319 44 316 72 312 69 315 27 318 52 314 36 317 61 320 64 
6 4 315 90 318 16 321 41 314 99 
10 1 322 19 
14 7 319 47 316 76 323 73 322 50 315 8 318 33 321 36 
10 3 319 11 316 40 322 36 
10 3 323 36 320 65 319 20 
8 5 320 20 324 45 323 22 326 48 319 6 
10 3 324 77 320 6 327 2 
69 4 328 2 324 31 321 60 327 34 
62 1 325 86 
67 7 323 15 329 11 326 40 322 69 325 95 328 20 324 3 
63 3 326 26 325 3 329 29 
12 4 330 29 326 58 329 84 332 9 
69 8 330 61 326 90 333 86 329 92 332 18 325 76 328 1 331 4 
19 8 326 30 333 27 329 56 332 81 328 87 331 90 334 48 327 74 
90 8 332 67 329 96 335 25 328 51 331 76 334 2 327 60 330 62 
24 6 335 56 332 85 328 14 331 40 334 65 330 71 
71 8 332 94 331 71 335 97 334 74 337 32 330 57 333 60 336 18 
26 4 331 12 338 41 334 37 337 95 
80 1 335 15 
16 7 332 44 339 72 336 69 335 46 338 72 334 55 337 58 
29 4 335 32 338 58 341 16 334 41 
28 5 342 93 339 90 335 19 338 44 341 2 
80 3 336 73 342 2 339 99 
39 3 340 99 336 27 343 56 
88 4 344 56 341 53 337 82 340 7 
86 7 338 59 344 88 341 85 340 16 343 42 346 100 339 25 
82 3 347 100 344 96 340 25 
82 3 341 25 348 54 345 51 
31 4 346 51 342 80 349 8 345 5 
39 5 343 57 349 86 346 83 342 11 345 14 
87 9 350 17 346 14 343 43 349 72 345 100 348 58 351 84 344 86 347 12 
39 7 349 90 345 86 352 15 348 12 351 70 344 95 347 98 
41 8 345 72 352 1 348 98 351 56 347 84 350 42 353 67 346 70 
45 5 351 96 348 93 354 22 347 48 350 5 
48 2 355 76 351 5 
48 2 355 54 352 82 
2 6 356 31 353 28 349 56 352 82 355 40 351 68 
97 5 353 91 352 68 355 26 358 51 351 54 
99 3 356 57 352 54 359 83 
90 3 360 83 356 12 353 9 
7 4 354 9 360 37 357 66 353 40 
1 2 361 92 358 21 
96 6 362 69 358 98 355 95 361 24 357 52 360 10 
1 2 362 32 358 29 
6 7 362 10 359 6 365 35 358 38 361 96 364 21 357 24 
99 4 365 99 362 27 358 24 361 82 
4 1 359 1 
9 5 367 30 363 59 360 56 366 85 362 68 
6 9 367 39 363 68 366 94 369 96 362 22 365 80 368 5 361 8 364 66 
59 7 366 11 362 8 369 37 365 66 368 91 364 52 367 77 
10 8 365 52 368 77 371 80 364 38 367 64 370 89 363 92 366 50 
13 6 371 44 368 72 364 69 367 27 370 53 366 36 
15 4 368 59 367 36 370 61 373 64 
67 2 371 16 368 45 
63 8 372 93 368 22 375 19 371 47 374 50 367 8 370 34 373 59 
17 5 368 53 375 82 371 11 374 36 370 20 
69 3 375 91 371 20 374 45 
18 3 375 45 372 74 378 48 
39 1 379 48 
39 1 377 77 
12 1 374 6 
71 1 382 3 
29 1 379 31 
20 2 377 60 384 57 
69 4 378 37 384 34 381 63 377 92 
8 2 385 11 382 40 
68 6 386 89 382 17 379 46 385 20 381 4 384 29 
73 2 386 52 382 81 
77 5 386 29 383 58 389 32 382 90 385 15 
46 3 390 86 386 15 383 44 
33 1 384 44 
33 1 392 41 
24 1 389 70 
82 1 387 99 
73 4 394 95 391 24 387 53 390 79 
30 5 388 30 395 27 391 56 394 81 390 87 
78 7 395 59 391 87 394 90 397 48 390 74 393 99 396 2 
32 6 394 76 391 5 397 2 390 60 393 85 396 88 
34 4 398 11 394 40 391 69 397 65 
88 9 395 17 398 43 394 71 397 74 400 32 393 58 396 60 399 86 392 44 
36 5 394 89 400 86 397 15 393 44 396 69 
85 6 401 40 397 69 394 98 400 72 396 55 399 58 
90 1 401 81 
36 5 398 10 401 35 404 93 397 19 400 44 
68 1 405 47 
7 2 402 44 399 73 
97 1 403 21 
45 6 401 50 407 79 404 76 400 5 403 30 406 56 
42 9 408 11 404 8 401 36 407 33 403 39 406 42 409 100 402 25 405 28 
46 8 407 74 403 3 410 31 406 28 409 86 402 11 405 14 408 72 
97 8 403 66 410 95 406 91 409 49 405 23 408 26 411 84 404 9 
90 6 409 3 406 32 412 61 405 86 408 12 411 70 
50 7 413 92 409 89 406 18 412 47 405 73 408 98 411 56 
51 6 409 98 406 27 412 56 408 84 411 42 414 68 
2 5 409 39 415 68 412 96 408 93 411 96 
55 3 416 99 412 96 409 25 
13 3 410 25 416 54 413 50 
63 4 414 50 410 79 417 8 413 82 
56 2 411 34 418 63 
52 8 412 11 418 40 415 37 414 68 417 26 420 51 413 54 416 12 
9 2 421 6 418 35 
55 5 422 83 418 12 415 9 421 38 414 63 
8 3 419 66 415 63 422 92 
66 3 423 92 420 89 416 18 
15 4 417 18 424 46 420 43 423 1 
14 7 421 20 424 78 420 52 423 10 426 35 419 38 422 96 
63 8 420 38 427 67 423 96 426 21 419 24 422 82 425 8 421 36 
67 7 426 62 423 59 422 36 425 94 428 19 421 22 424 80 
18 6 422 22 429 51 425 80 428 5 421 8 424 66 
19 5 426 89 422 85 429 14 425 43 428 69 
23 2 423 40 429 69 
23 2 424 17 430 46 
77 9 428 75 427 52 430 78 433 3 426 6 429 64 432 89 425 92 431 75 
23 4 433 21 429 50 426 47 432 75 
23 4 430 27 427 24 433 53 429 36 
76 2 430 36 433 61 
25 3 431 90 437 87 434 16 
33 6 435 16 432 45 438 42 431 99 434 25 437 50 
30 8 438 73 435 2 432 99 431 76 434 34 437 59 433 20 436 45 
79 1 434 20 
42 9 435 97 438 23 441 48 434 6 437 31 440 57 433 92 436 18 439 43 
32 1 441 89 
92 8 438 18 435 14 441 43 437 4 440 29 443 32 436 90 439 15 
35 8 444 9 441 38 437 67 440 93 443 18 436 76 439 1 442 27 
86 7 437 53 444 50 440 79 443 4 439 88 442 13 445 16 
91 3 443 90 440 19 446 16 
91 3 447 16 444 45 440 74 
40 6 441 74 448 70 444 99 447 2 440 60 443 85 
91 5 445 8 441 37 448 34 444 63 447 88 
95 2 442 91 448 88 
95 2 443 69 449 65 
48 7 447 94 446 71 449 97 452 32 445 58 448 83 451 86 
24 6 449 60 446 89 452 86 445 44 448 69 451 72 
49 8 453 95 449 24 446 53 452 49 448 55 451 58 454 16 447 42 
62 8 452 35 449 64 455 93 448 19 451 44 454 70 447 28 450 53 
31 9 455 47 452 76 448 5 451 30 454 56 450 39 453 42 456 100 449 25 
3 9 451 71 457 100 454 97 450 25 453 28 456 86 449 12 452 37 455 40 
58 5 457 18 453 14 450 43 456 40 452 23 
56 7 457 94 453 23 456 26 459 84 452 9 455 12 458 70 
10 3 456 12 453 41 459 70 
10 3 460 70 457 67 453 95 
60 6 454 95 461 24 457 21 460 56 456 7 459 10 
14 2 461 33 457 62 
18 6 461 10 458 39 464 68 457 93 460 96 463 54 
65 2 465 76 461 73 
69 7 465 54 462 51 458 79 461 82 464 40 460 91 463 26 
68 1 461 68 
19 8 462 45 465 3 468 29 461 54 464 80 467 38 460 63 463 66 
72 8 468 92 465 89 461 18 464 43 467 1 463 52 466 10 469 35 
72 8 464 29 467 87 470 13 463 38 466 96 469 22 462 47 465 50 
26 6 470 76 467 73 463 2 466 27 469 85 465 36 
28 5 467 59 466 36 469 94 472 19 465 22 
29 3 470 25 466 22 473 51 
88 4 474 51 470 80 467 77 473 5 
28 5 471 57 468 54 474 83 467 8 470 66 
80 3 475 37 471 66 468 63 
39 3 469 63 475 92 472 20 
88 6 473 20 476 46 472 20 475 78 478 3 471 6 
84 2 473 29 479 58 
88 6 473 6 480 35 476 64 479 89 472 92 475 50 
35 1 477 73 
81 5 474 69 481 98 477 27 480 53 476 36 
8 5 481 7 477 36 480 62 483 87 476 90 
38 8 481 93 477 90 484 19 480 48 483 73 476 76 479 34 482 59 
46 7 477 53 484 82 480 11 483 37 479 20 482 45 485 71 
89 9 483 45 480 74 486 71 479 6 482 32 485 57 478 60 481 18 484 43 
93 9 486 89 482 18 479 14 485 43 481 4 484 29 487 55 480 90 483 15 
96 6 485 61 481 90 488 87 484 15 487 41 480 76 
48 4 482 99 488 96 485 24 481 53 
61 1 489 73 
7 4 486 2 483 98 489 27 485 88 
99 3 486 88 489 13 492 16 
52 1 493 16 
52 1 491 45 
11 1 488 74 
1 1 496 71 
60 4 493 99 490 28 496 25 489 60 
3 2 497 79 494 8 
98 6 498 57 494 85 491 14 497 11 493 72 496 97 
3 2 498 20 494 49 
8 8 498 97 495 26 501 100 494 58 497 83 500 86 493 44 496 69 
6 1 501 63 
62 4 499 92 495 21 502 18 498 47 
60 6 496 98 502 95 499 24 498 55 501 81 504 16 
61 7 499 87 505 16 502 13 498 42 501 67 504 70 497 28 
12 7 505 70 502 99 498 28 501 53 504 56 500 39 503 65 
12 9 501 39 504 65 507 100 500 26 503 51 506 54 499 12 502 37 505 40 
18 3 507 86 503 14 500 43 
60 3 501 43 507 40 504 69 
77 3 505 69 508 95 504 23 
17 4 505 23 509 49 508 26 511 84 
69 2 509 3 506 32 
65 8 510 81 506 9 513 38 509 35 512 70 505 96 508 21 511 24 
73 1 506 50 
28 5 514 79 510 76 507 4 513 1 509 7 
71 3 514 78 510 7 513 10 
55 4 514 10 511 39 517 68 510 93 
73 1 518 45 
78 7 516 42 512 71 519 99 515 96 518 54 511 79 514 5 
24 1 512 79 
14 4 520 8 516 5 513 34 519 40 
27 8 517 59 514 88 520 17 516 91 519 94 522 52 515 77 518 80 
31 7 523 6 520 3 516 32 519 57 522 15 515 41 518 66 
32 6 516 41 523 69 519 66 522 24 518 75 521 10 
83 5 523 33 519 29 522 87 525 13 518 38 
36 3 523 42 519 38 526 67 
94 3 527 67 523 64 520 93 
44 4 521 93 527 22 524 18 520 47 
83 7 528 99 525 96 521 24 524 50 527 8 523 59 526 94 
38 3 524 36 527 94 530 19 
87 4 531 19 528 48 524 45 527 80 
39 2 525 100 532 28 
35 8 526 77 532 6 529 34 525 31 528 34 531 92 527 20 530 78 
92 2 528 20 531 78 
92 2 529 75 535 3 
41 2 530 52 536 81 
95 7 530 29 537 58 534 87 533 64 536 89 529 15 532 50 
95 9 530 92 537 21 533 50 536 76 532 4 535 62 538 87 531 90 534 48 
48 7 536 93 532 90 539 19 535 48 538 73 531 99 534 34 
50 7 532 76 539 5 535 34 538 59 534 20 537 46 540 71 
50 7 538 46 535 74 541 71 534 74 537 32 540 57 533 83 
1 8 541 57 538 86 534 83 537 18 540 43 536 4 539 29 542 55 
4 6 537 81 540 7 543 32 536 90 539 16 542 41 
6 4 544 64 540 93 537 90 543 18 
60 1 541 70 
65 4 539 67 545 96 542 24 538 21 
63 8 546 73 542 2 539 98 545 27 541 88 544 13 547 39 540 74 
62 9 545 68 542 97 548 93 541 51 544 77 547 2 540 60 543 86 546 11 
62 1 548 57 
100 1 545 86 
62 2 543 82 549 11 
62 1 544 60 
57 5 551 88 548 17 547 72 550 97 553 23 
21 2 548 26 554 23 
21 2 549 3 555 100 
67 7 550 81 556 77 553 6 549 35 552 61 555 86 548 44 
18 6 556 86 553 15 549 44 552 69 555 95 551 56 
69 7 553 78 552 56 555 81 558 84 551 42 554 67 557 93 
69 7 555 67 552 96 558 93 551 28 554 53 557 79 553 39 
23 4 555 62 554 39 557 65 560 100 
76 2 558 20 555 48 
71 8 559 97 555 26 562 22 558 51 561 54 554 12 557 37 560 63 
25 4 555 89 562 86 558 15 561 40 
79 1 559 92 
84 5 557 21 563 17 560 46 559 23 562 49 
27 3 560 1 563 26 566 84 
11 9 567 84 564 81 560 10 563 35 566 70 559 96 562 21 565 24 561 7 
32 1 563 53 
97 1 564 30 
78 4 564 7 567 33 570 68 563 93 
34 9 571 45 568 42 564 71 567 96 570 54 563 80 566 5 569 8 565 91 
86 9 567 37 570 62 566 91 569 17 572 52 565 77 568 3 571 38 564 63 
90 6 566 9 572 38 569 35 565 63 568 89 571 24 
42 4 573 47 569 43 566 72 572 1 
96 8 570 21 573 78 569 75 572 78 575 36 568 61 571 87 574 22 
95 2 569 16 576 44 
41 7 570 93 576 22 573 19 569 47 572 73 575 8 571 59 
95 4 573 82 572 59 576 17 575 94 
98 1 573 13 
3 5 574 91 580 20 577 48 573 45 576 48 
8 9 581 51 577 48 574 77 580 6 573 31 576 57 579 92 575 43 578 78 
53 7 580 23 576 20 579 78 582 3 575 29 578 64 581 90 
4 9 579 64 576 61 582 90 575 15 578 18 581 76 577 27 580 62 583 87 
56 6 578 81 581 39 584 65 577 90 580 48 583 73 
58 7 585 96 581 25 578 22 584 51 577 76 580 34 583 60 
60 6 581 34 578 31 584 60 580 88 583 46 586 71 
11 5 581 42 587 71 584 100 580 97 583 32 
63 3 588 3 584 32 581 29 
22 3 582 29 588 57 585 86 
71 4 586 86 582 83 589 12 585 18 
65 1 583 37 
70 7 591 66 587 95 584 92 590 21 586 4 589 30 592 55 
65 3 590 30 587 58 593 55 
65 3 594 55 591 84 587 81 
14 4 588 81 595 10 592 38 591 16 
18 1 589 35 
22 5 597 64 593 93 590 90 596 18 589 44 
70 9 594 47 590 44 597 73 593 2 596 27 592 88 595 13 598 39 591 74 
23 7 593 20 599 16 596 45 592 74 595 100 598 25 591 51 
71 1 599 25 
65 0 
93 2 601 2 598 31 
34 5 602 80 599 8 595 5 598 63 601 89 
77 3 596 60 602 89 599 17 
36 6 600 17 603 43 599 72 602 97 605 23 598 58 
77 5 600 81 606 77 603 6 599 35 602 61 
80 2 607 32 603 61 
80 2 607 9 604 38 
34 7 608 86 605 15 601 44 604 70 607 95 603 56 606 81 
79 6 604 56 607 81 610 7 603 42 606 67 609 93 
30 5 611 16 607 45 604 73 610 70 603 28 
33 2 608 99 604 28 
33 2 609 76 605 5 
87 9 609 53 606 82 612 79 608 40 611 65 614 91 607 26 610 51 613 77 
84 3 615 22 611 51 608 80 
94 3 609 80 615 77 612 6 
43 4 613 6 610 35 616 31 609 89 
42 5 617 9 613 37 610 66 616 63 612 23 
14 8 617 95 613 23 616 49 619 84 612 10 615 35 618 61 611 96 
42 7 616 90 613 18 619 15 612 73 615 99 618 24 614 7 
93 8 616 30 615 7 618 33 621 68 614 94 617 19 620 54 613 80 
96 5 618 74 615 2 621 99 614 57 617 82 
100 3 622 54 618 82 615 11 
58 3 616 11 622 8 619 37 
7 4 620 37 623 63 619 91 622 17 
97 7 620 69 623 94 626 52 619 77 622 3 625 38 618 64 
51 4 626 38 623 35 619 64 622 89 
100 5 620 41 627 70 623 66 626 92 622 75 
2 3 627 46 623 75 626 1 
51 4 627 1 624 30 630 36 623 61 
3 2 631 13 628 10 
99 8 632 90 628 87 625 16 631 22 624 47 627 73 630 8 626 59 
56 1 631 85 
11 5 629 82 628 59 631 17 634 20 627 45 
33 7 632 16 628 45 635 74 631 71 634 6 627 31 630 57 
9 9 628 31 635 60 631 57 634 92 630 43 633 78 636 4 629 29 632 55 
61 9 634 32 630 29 637 58 633 55 636 90 629 15 632 41 635 76 631 27 
65 6 633 73 636 30 632 27 635 62 638 87 631 13 
66 5 633 36 639 65 636 93 632 90 635 48 
70 2 640 19 636 48 
70 2 641 96 637 25 
24 9 641 74 638 2 634 99 637 25 640 60 636 11 639 46 642 71 635 97 
21 3 637 43 643 71 640 100 
30 3 641 100 637 97 644 26 
79 4 645 26 642 55 638 51 641 9 
78 7 639 29 645 57 642 86 638 83 641 18 644 44 640 95 
74 3 642 50 641 95 645 52 
23 4 646 52 642 49 645 7 648 32 
80 5 646 84 642 81 649 10 645 16 648 41 
30 7 643 13 649 41 646 70 642 67 645 2 648 27 644 88 
82 6 646 11 645 88 648 14 651 39 644 65 647 100 
33 5 649 22 645 19 652 48 648 77 651 2 
36 2 646 74 652 2 
36 2 646 51 653 80 
90 9 647 28 654 57 650 86 653 11 649 72 652 97 655 23 648 81 651 84 
87 4 653 29 649 58 656 55 652 84 
87 4 650 35 657 32 653 61 656 86 
90 1 654 38 
95 5 651 35 658 64 655 92 654 70 657 95 
38 3 652 66 658 95 655 24 
97 5 656 24 659 50 655 56 658 81 661 7 
89 4 656 10 662 7 659 36 655 42 
92 1 663 61 
97 5 661 90 657 19 664 16 660 45 663 70 
45 9 658 74 664 70 661 99 657 28 660 54 663 79 659 40 662 65 665 91 
43 3 660 17 663 43 666 68 
97 7 667 68 664 97 660 26 663 51 666 77 659 12 662 37 
98 9 660 12 667 9 663 37 666 63 662 24 665 49 668 75 661 10 664 35 
50 7 666 81 662 10 669 6 665 35 668 61 661 96 664 21 
52 5 662 96 669 93 665 21 668 47 664 7 
54 6 669 79 665 7 668 33 671 91 664 94 667 19 
5 5 669 42 665 71 672 68 668 96 671 22 
8 2 666 25 672 22 
8 2 667 2 673 99 
62 7 667 80 674 77 670 5 673 31 669 91 672 17 675 52 
82 0 
57 9 671 23 677 52 674 49 670 78 673 3 676 61 669 64 672 89 675 15 
10 3 677 60 673 89 670 18 
19 3 671 18 677 15 674 44 
69 3 675 44 672 72 678 69 
18 4 679 69 676 98 675 75 678 1 
12 2 676 53 679 78 
66 8 677 7 683 36 680 33 676 61 679 87 682 45 675 48 678 73 
15 1 683 99 
71 4 681 96 677 25 684 54 680 50 
69 5 678 2 684 31 681 28 680 59 683 85 
37 5 681 36 684 62 687 20 680 45 683 71 
68 8 688 74 684 71 681 100 687 6 680 31 683 57 686 15 682 43 
71 6 687 69 684 66 683 43 686 1 689 4 682 29 
73 6 684 52 690 81 687 78 683 6 686 32 689 90 
25 4 691 12 687 9 684 38 690 67 
79 9 688 87 684 15 691 44 687 41 690 76 686 27 689 85 692 88 685 13 
27 3 687 59 693 88 690 16 
37 2 691 16 687 13 
27 3 692 94 688 90 695 19 
40 9 696 19 692 16 689 45 695 74 688 99 691 25 694 60 690 11 693 46 
27 2 695 91 691 88 
34 9 696 69 692 65 695 23 698 49 691 74 694 32 697 58 690 83 693 9 
76 2 695 86 691 83 
86 2 696 64 692 60 
37 6 696 9 693 38 700 66 699 44 695 95 698 30 
37 6 700 53 696 49 699 7 702 33 695 58 698 16 
39 7 700 39 696 35 703 64 699 93 702 19 695 44 698 2 
41 5 696 44 703 73 699 2 702 28 698 79 
89 7 703 82 699 79 702 14 705 39 698 65 701 100 704 25 
43 4 702 100 699 97 705 25 698 51 
92 6 706 3 703 31 699 28 702 86 705 11 701 95 
43 6 703 17 702 95 706 20 705 98 708 23 701 49 
45 4 703 72 709 100 706 29 702 26 
99 1 710 78 
3 5 708 6 704 3 711 32 707 61 710 86 
51 9 705 58 711 86 708 15 704 12 707 70 710 95 706 79 709 81 712 7 
50 2 707 33 710 59 
55 6 714 7 711 36 707 65 710 68 713 93 706 19 
1 1 708 42 
15 5 715 70 712 99 708 96 711 54 714 79 
53 9 709 50 715 79 712 8 711 40 714 65 717 91 710 49 713 51 716 77 
6 9 718 23 714 51 711 80 717 77 710 35 713 38 716 63 712 24 715 49 
9 6 717 95 713 24 716 49 719 75 712 10 715 35 
11 5 717 58 713 87 720 84 716 13 719 38 
14 2 714 41 720 38 
14 2 714 19 721 15 
68 8 715 96 722 93 718 21 721 47 717 8 720 33 723 59 716 94 
16 2 721 88 718 16 
62 6 722 65 718 94 725 90 721 19 724 45 717 80 
18 1 719 3 
64 4 726 99 723 28 719 57 722 83 
21 8 720 34 726 31 723 60 722 91 725 17 728 75 721 78 724 3 
20 1 729 29 
75 5 727 26 723 55 730 52 726 80 729 6 
23 7 724 9 730 6 727 35 723 64 726 89 729 15 725 75 
23 9 727 98 726 75 729 1 732 59 725 62 728 87 731 45 724 48 730 99 
25 9 732 44 728 73 725 2 731 99 727 59 730 85 733 43 726 45 729 71 
29 6 731 17 727 45 734 74 730 71 733 29 726 32 
81 4 728 54 734 83 731 80 727 9 
35 1 735 60 
40 4 732 57 729 86 735 15 731 43 
32 3 732 43 735 69 738 4 
84 1 739 4 
84 1 737 1 
43 2 734 29 741 58 
92 4 735 7 742 35 738 32 741 90 
86 2 739 9 736 38 
81 6 740 87 736 15 743 44 739 41 742 99 738 27 
86 2 740 50 739 27 
86 2 744 8 740 4 
40 8 744 85 741 82 747 88 740 13 743 39 746 74 739 99 742 25 
39 2 747 51 744 48 
53 5 748 28 744 25 741 54 747 83 743 11 
20 0 
95 9 745 11 748 69 751 72 744 97 747 55 750 58 743 83 746 9 749 44 
97 5 751 89 747 86 744 15 750 44 746 95 
95 9 751 98 747 95 750 53 753 55 746 81 749 39 752 42 745 67 748 93 
48 6 750 70 746 67 753 96 749 93 752 28 748 79 
49 5 750 2 749 79 753 37 752 14 755 39 
2 3 750 11 756 39 753 68 
61 3 754 68 750 65 757 94 
10 4 758 94 754 23 751 19 757 25 
4 1 755 77 
8 7 753 74 759 3 756 31 752 28 755 86 758 12 754 63 
4 3 756 18 755 63 759 20 
53 4 760 20 756 17 759 75 762 100 
10 8 760 52 756 49 763 78 759 84 762 9 755 35 758 93 761 95 
60 8 756 89 763 18 759 47 762 73 758 79 761 82 764 7 757 33 
40 9 762 59 759 56 765 84 758 10 761 68 764 93 757 19 760 77 763 79 
14 7 765 25 761 54 758 51 764 79 760 63 763 65 766 91 
65 6 764 65 761 94 767 91 760 49 763 52 766 77 
67 7 768 100 764 29 761 26 767 54 760 80 763 38 766 63 
68 5 764 38 761 34 767 63 763 47 766 49 
70 4 764 1 767 27 770 52 763 10 
23 2 771 29 768 58 
18 6 772 7 768 35 765 64 771 61 764 19 767 22 
74 1 769 44 
20 6 766 73 773 70 769 99 772 24 768 8 771 33 
25 2 773 56 769 85 
29 6 773 33 770 62 776 59 769 17 772 19 775 45 
75 1 777 68 
90 5 774 97 771 25 777 22 770 80 773 5 
28 9 778 77 774 5 771 34 777 31 773 92 776 17 779 43 772 78 775 3 
81 9 777 49 773 78 780 74 776 3 779 29 772 87 775 89 778 15 774 75 
84 6 776 21 779 47 775 75 778 1 781 59 774 62 
86 5 776 84 782 13 779 10 775 39 778 64 
89 2 783 36 779 64 
89 2 783 13 780 42 
43 7 784 90 781 19 777 48 780 73 783 99 779 59 782 85 
88 5 780 59 783 85 786 43 779 46 782 71 
89 4 787 74 783 71 780 100 786 29 
39 5 784 48 781 77 787 6 780 32 783 57 
91 3 788 28 784 57 781 86 
50 3 782 86 788 83 785 12 
99 4 786 12 789 37 785 43 788 69 
42 2 786 21 789 46 
96 8 793 27 790 23 787 52 786 29 789 55 792 13 785 16 788 41 
45 1 793 67 
1 4 791 64 787 93 794 22 790 18 
99 5 788 70 794 99 791 96 790 27 793 53 
76 5 791 4 794 30 797 88 790 13 793 39 
98 9 798 42 794 39 791 68 797 97 790 99 793 25 796 83 792 11 795 69 
51 9 797 14 793 11 796 69 799 72 792 97 795 23 798 80 791 83 794 9 
54 6 796 55 792 83 799 12 795 9 798 67 794 95 
56 4 796 18 795 95 798 53 801 56 
8 2 799 7 796 4 
72 8 800 84 796 81 803 10 799 39 802 42 795 67 798 93 801 51 
58 5 796 44 803 73 799 70 802 28 798 79 
10 3 803 82 799 79 802 37 
60 3 803 37 800 33 806 39 
63 1 807 39 
63 1 805 68 
21 1 802 65 
12 1 810 94 
71 2 807 23 804 20 
20 4 808 100 805 97 811 26 804 51 
58 3 812 3 809 32 805 28 
68 6 806 28 813 57 809 54 812 12 808 63 811 21 
14 2 813 43 809 40 
19 6 813 21 810 17 816 23 809 49 812 7 815 9 
19 8 817 32 813 61 810 58 816 87 809 12 812 70 815 96 811 47 
21 8 816 73 813 2 812 47 815 82 818 7 811 33 814 91 817 93 
73 6 812 87 819 16 815 45 818 71 811 96 814 54 
26 4 815 77 812 73 819 2 818 79 
75 5 816 31 813 28 819 57 815 63 818 66 
77 3 816 17 819 43 822 68 
79 9 823 68 820 97 816 94 819 52 822 77 815 3 818 61 821 63 817 47 
28 4 819 92 822 18 818 47 821 49 
31 2 819 1 822 27 
85 6 826 75 823 4 819 33 822 36 825 61 818 87 
31 1 820 10 
45 7 827 38 824 67 820 64 823 22 826 47 822 31 825 33 
33 4 823 8 826 33 829 59 822 17 
84 1 830 36 
89 5 828 65 824 94 831 91 827 19 830 45 
36 9 825 48 831 45 828 74 824 3 827 6 830 31 826 14 829 17 832 43 
89 7 827 69 830 95 833 20 826 78 829 3 832 29 825 87 
40 8 833 29 830 58 826 87 829 89 832 15 828 76 831 1 834 27 
43 5 829 53 832 78 835 4 827 81 834 10 
10 7 828 81 835 10 831 39 834 65 830 71 833 73 836 99 
47 3 834 73 831 2 837 99 
47 3 838 99 835 28 831 57 
96 5 832 57 839 53 836 82 835 60 838 85 
48 3 833 88 839 85 836 14 
7 3 837 14 833 43 840 40 
56 4 841 40 838 68 834 97 837 23 
55 6 835 42 841 71 838 100 837 54 840 57 843 83 
1 1 838 86 
10 1 845 83 
1 1 843 12 
60 1 840 41 
50 2 848 37 845 66 
68 4 849 15 845 43 842 72 848 69 
42 2 846 21 843 49 
66 6 847 98 843 27 850 23 846 30 849 55 845 16 
57 8 847 38 846 16 849 41 852 67 845 24 848 27 851 53 844 11 
6 9 849 5 846 33 852 30 845 88 848 13 851 39 847 100 850 25 853 83 
10 8 848 77 851 2 854 60 847 86 850 11 853 37 846 94 849 97 
64 4 854 91 851 20 847 49 850 75 
18 9 848 26 854 23 851 52 850 83 853 9 856 67 849 70 852 95 855 53 
66 5 857 98 853 95 850 24 856 53 849 78 
15 5 854 50 850 78 857 75 853 81 856 7 
68 3 851 10 857 7 854 36 
26 4 855 36 858 61 854 67 857 93 
69 2 855 45 858 70 
23 8 862 51 859 47 856 76 855 53 858 79 861 37 854 40 857 65 
73 9 862 91 859 88 855 17 858 42 861 68 857 51 860 77 863 35 856 37 
76 8 858 83 864 12 861 9 857 37 860 63 863 21 856 23 859 49 
27 7 864 75 861 72 857 1 860 26 863 84 859 35 862 93 
78 7 860 35 863 93 866 18 859 21 862 47 865 5 858 7 
32 3 866 82 863 79 859 7 
32 3 860 7 867 36 863 33 
82 6 864 33 861 62 867 91 863 19 866 77 869 80 
36 2 864 51 870 80 
36 2 865 28 871 57 
90 7 865 5 872 34 868 31 871 88 864 91 867 17 870 75 
85 5 868 17 865 46 871 75 867 3 870 61 
87 3 868 80 871 38 874 63 
90 1 875 63 
90 1 873 92 
49 1 870 89 
39 1 878 18 
98 2 875 47 872 44 
47 2 876 24 873 21 
1 9 877 1 874 98 880 27 873 52 876 78 879 36 875 87 878 45 881 47 
44 7 876 41 879 99 882 25 875 50 878 8 881 33 874 59 
95 8 882 33 879 62 875 59 878 17 881 42 877 71 880 28 883 31 
99 5 878 25 881 83 884 9 877 34 880 92 
51 3 885 63 881 92 878 89 
10 4 879 89 885 17 882 46 878 43 
50 5 886 95 883 23 879 20 882 78 885 3 
2 3 880 75 886 3 883 32 
61 3 884 32 887 58 883 87 
1 6 884 87 887 12 890 15 883 41 886 98 889 1 
55 2 891 24 887 53 
60 6 891 1 888 30 884 27 887 85 890 87 886 71 
55 2 888 93 887 71 
55 2 892 19 888 48 
9 9 893 96 889 25 892 51 895 76 888 34 891 60 894 85 887 11 890 68 
8 2 892 14 888 11 
58 2 893 91 889 88 
12 6 893 68 890 65 897 94 896 71 892 55 895 57 
13 8 897 80 893 9 896 35 899 60 892 18 895 44 898 69 891 27 
13 8 896 21 893 50 899 46 892 4 895 30 898 55 894 38 897 41 
67 6 895 16 898 41 901 67 894 25 897 27 900 53 
18 6 902 76 898 5 895 33 901 30 894 88 897 14 
70 4 899 36 895 65 902 62 898 91 
92 3 896 42 902 39 899 68 
78 5 900 68 903 94 899 22 902 25 905 51 
71 5 900 54 906 51 903 80 899 8 902 11 
23 3 907 83 903 11 900 40 
82 4 901 40 907 37 904 66 900 95 
22 5 908 14 905 43 901 72 904 97 907 23 
74 3 902 26 908 23 905 52 
33 3 906 52 909 77 905 6 
41 4 906 6 910 32 909 9 912 67 
25 2 910 86 907 15 
88 8 911 64 907 92 914 89 910 95 913 21 906 78 909 81 912 7 
28 1 907 33 
84 4 915 30 911 59 908 87 914 84 
82 6 912 36 915 61 911 67 914 93 917 51 910 76 
97 1 912 99 
43 6 919 28 916 25 912 54 915 79 918 37 911 62 
64 7 913 85 919 14 916 11 912 40 915 65 918 91 914 51 
35 5 916 74 915 51 918 77 921 35 914 37 
37 4 919 9 915 37 922 66 918 63 
86 7 916 15 923 43 919 40 922 98 915 24 918 49 921 7 
37 6 919 49 916 78 922 7 918 35 921 61 924 19 
56 5 919 90 925 19 922 15 918 21 921 47 
41 3 926 50 922 47 919 76 
99 3 920 76 926 5 923 1 
48 6 924 1 921 30 927 59 920 85 923 10 926 68 
45 9 927 91 924 88 923 19 926 77 929 2 922 5 925 31 928 89 921 91 
47 9 923 37 929 66 926 63 922 91 925 17 928 75 924 3 927 61 930 86 
65 2 925 80 928 38 
2 6 932 86 929 15 926 12 925 89 928 15 931 72 
83 6 933 95 929 92 926 21 932 50 925 75 928 1 
51 8 930 24 926 52 933 81 929 78 932 36 928 87 931 45 934 70 
30 8 929 64 932 22 935 47 928 73 931 31 934 56 927 59 930 85 
5 7 935 11 932 40 928 36 931 62 934 20 930 71 933 29 
24 6 931 71 934 29 937 31 930 57 933 15 936 40 
75 5 938 63 934 92 931 89 937 17 930 43 
11 2 935 46 931 43 
11 2 936 24 932 20 
64 9 936 1 933 98 939 26 935 55 938 12 941 15 934 41 937 99 940 1 
5 5 942 47 938 76 935 73 941 1 934 27 
65 1 939 30 
74 1 936 27 
65 1 944 56 
24 1 941 85 
14 2 939 81 945 10 
31 2 940 59 946 87 
17 9 941 36 947 65 944 94 943 71 946 96 949 99 942 25 945 82 948 85 
70 7 950 31 946 60 943 56 949 85 942 11 945 69 948 71 
72 7 946 46 943 43 949 71 945 55 948 80 951 83 944 41 
72 7 952 83 949 12 945 41 948 66 951 69 944 95 947 52 
91 8 945 95 952 24 948 52 951 55 947 39 950 41 953 67 946 25 
26 6 951 19 948 47 954 44 947 2 950 28 953 53 
79 3 955 76 951 5 948 34 
42 8 949 34 955 30 952 59 948 88 951 14 954 39 950 22 953 25 
82 1 951 100 
54 2 952 77 955 3 
36 7 959 51 956 80 952 9 955 11 958 37 951 95 954 20 
100 3 952 95 959 91 955 20 
100 3 956 20 953 49 960 46 
49 4 961 46 957 75 954 4 960 100 
89 5 958 52 961 78 957 6 960 9 963 35 
61 5 958 38 964 35 961 64 957 92 960 95 
38 8 965 67 961 95 958 24 964 21 957 79 960 4 963 7 959 90 
99 5 964 84 961 13 960 90 963 93 966 51 
40 8 961 22 967 51 964 48 960 76 963 79 966 5 959 62 962 65 
94 4 967 59 964 88 960 17 963 43 
48 1 961 94 
53 5 968 91 965 20 964 74 967 77 970 35 
95 6 965 6 971 35 968 31 964 60 967 63 970 21 
96 5 972 44 968 40 965 69 971 98 964 24 
99 2 969 95 965 24 
99 2 970 72 966 1 
53 7 970 49 967 78 973 75 969 35 972 61 975 19 968 44 
66 4 976 19 973 15 969 44 972 47 
1 1 970 99 
6 7 978 27 974 24 971 53 977 82 970 8 973 33 976 91 
52 2 974 33 971 62 
62 2 975 10 972 39 
16 6 976 88 979 13 975 19 978 45 981 3 974 5 
6 8 976 28 982 57 979 54 975 83 978 8 981 66 974 91 977 17 
57 8 982 43 979 40 975 69 978 94 981 52 977 3 980 61 983 86 
96 5 978 80 981 6 984 64 977 89 980 15 
10 8 985 18 981 15 978 44 984 73 977 75 980 1 983 59 979 87 
14 5 984 13 981 10 980 87 983 45 986 70 
80 6 981 42 987 70 984 99 980 73 983 31 986 56 
82 7 988 79 984 76 981 5 987 34 980 59 983 85 986 43 
83 5 984 85 981 14 987 43 983 71 986 29 
85 4 984 48 987 6 990 31 983 57 
70 2 991 9 988 37 
33 8 992 86 988 15 985 12 991 40 984 43 987 69 990 26 986 55 
22 1 991 81 
78 5 989 78 988 55 991 13 994 38 987 41 
8 3 992 44 988 41 995 70 
37 2 996 70 992 99 
41 1 997 47 
37 5 994 76 991 73 997 1 990 27 993 85 
43 9 998 56 994 85 991 82 997 10 993 39 996 96 999 99 992 25 995 83 
96 9 997 28 993 25 1000 54 996 83 999 8 992 11 995 69 998 94 994 55 
99 6 996 100 999 26 995 55 998 80 1001 83 994 9 
33 5 996 32 1002 60 999 89 995 86 998 44 
36 2 1003 15 999 44 
36 2 1004 92 1000 21 
90 9 1004 69 1001 98 997 95 1000 53 1003 78 999 39 1002 64 1005 67 998 25 
55 3 1000 70 1006 67 1003 96 
96 3 1004 96 1000 25 1007 22 
46 4 1008 22 1004 50 1001 79 1007 53 
40 1 1005 5 
44 5 1003 2 1009 30 1006 59 1002 56 1005 14 
92 9 1010 85 1006 14 1003 10 1009 39 1005 23 1008 48 1011 51 1004 9 1007 34 
59 2 1009 80 1005 9 
9 2 1010 57 1006 86 
95 6 1010 34 1007 63 1014 60 1013 37 1006 95 1009 20 
60 1 1011 43 
7 4 1008 72 1015 69 1011 98 1014 23 
96 8 1012 75 1009 72 1015 100 1011 6 1014 9 1017 35 1010 93 1013 18 
13 9 1018 12 1015 41 1011 70 1014 95 1017 21 1010 79 1013 4 1016 7 1012 90 
17 8 1014 36 1017 62 1013 90 1016 93 1019 19 1012 76 1015 2 1018 5 
3 4 1013 31 1020 28 1016 57 1019 82 
57 1 1017 34 
61 5 1014 63 1021 59 1017 88 1020 91 1016 74 
71 4 1021 45 1017 74 1020 77 1023 35 
23 2 1021 54 1018 83 
19 8 1022 32 1018 60 1025 57 1021 63 1024 89 1017 46 1020 72 1023 75 
59 1 1018 1 
14 4 1026 98 1022 27 1019 55 1025 52 
13 6 1023 4 1026 29 1022 58 1025 61 1028 19 1021 44 
27 1 1023 67 
73 7 1030 96 1027 93 1023 22 1026 47 1029 5 1022 30 1025 33 
64 7 1023 8 1030 4 1026 33 1029 59 1025 42 1028 45 1031 3 
32 9 1029 45 1026 74 1032 3 1025 28 1028 31 1031 89 1024 14 1027 17 1030 75 
36 6 1032 20 1028 17 1025 46 1031 75 1027 3 1030 29 
69 5 1032 52 1028 80 1031 6 1034 64 1027 89 
22 3 1032 61 1028 89 1035 18 
80 5 1036 18 1032 15 1029 44 1035 73 1028 98 
37 7 1033 69 1029 98 1036 27 1032 1 1035 59 1031 87 1034 45 
92 3 1032 87 1035 45 1038 70 
41 4 1039 70 1036 67 1033 96 1032 73 
76 1 1040 25 
81 7 1038 22 1034 50 1041 79 1037 76 1040 34 1033 59 1036 85 
27 2 1034 59 1041 88 
55 5 1035 37 1042 65 1038 62 1041 20 1037 71 
29 1 1042 74 
34 7 1039 71 1042 29 1045 54 1038 57 1041 15 1044 40 1037 66 
46 1 1045 40 
97 1 1043 37 
88 1 1040 66 
46 1 1048 95 
37 4 1046 92 1042 20 1049 49 1045 46 
35 5 1043 98 1049 27 1046 23 1045 55 1048 13 
11 9 1046 32 1049 90 1052 15 1045 41 1048 99 1051 24 1044 27 1047 53 1050 10 
53 8 1052 56 1048 53 1045 82 1051 10 1047 39 1050 97 1053 22 1046 25 
39 4 1051 51 1048 48 1054 77 1047 2 
93 1 1055 54 
98 5 1052 83 1049 79 1055 8 1048 11 1051 69 
58 5 1056 40 1052 69 1049 66 1055 94 1051 23 
60 4 1056 26 1052 23 1055 80 1058 6 
58 5 1056 58 1053 54 1059 83 1052 9 1055 67 
11 3 1060 38 1056 67 1053 63 
1 4 1054 63 1060 92 1057 21 1053 95 
95 1 1061 47 
100 7 1059 75 1055 72 1062 1 1058 30 1061 55 1057 39 1060 64 
63 3 1058 39 1061 64 1064 67 
92 8 1065 67 1062 96 1058 93 1061 50 1064 76 1057 79 1060 37 1063 62 
16 1 1058 56 
4 6 1066 85 1062 14 1059 11 1065 39 1061 23 1064 48 
18 9 1066 71 1062 100 1065 25 1068 51 1061 9 1064 34 1067 37 1060 63 1063 20 
21 9 1065 66 1061 63 1068 92 1064 20 1067 46 1063 7 1066 32 1069 35 1062 93 
25 6 1064 38 1070 35 1067 64 1063 93 1066 18 1069 21 
9 4 1071 44 1067 73 1064 2 1070 98 
66 2 1068 50 1064 79 
26 4 1069 27 1065 56 1072 53 1068 82 
62 2 1066 33 1073 30 
25 8 1067 10 1073 7 1070 36 1069 90 1072 16 1075 19 1068 77 1071 2 
28 5 1076 96 1073 25 1069 54 1072 79 1075 5 
63 2 1070 8 1076 5 
63 2 1071 85 1077 82 
17 9 1071 63 1078 59 1074 88 1077 91 1073 74 1076 100 1079 3 1072 60 1075 86 
83 3 1077 32 1073 60 1080 57 
24 3 1081 57 1077 86 1074 15 
73 4 1075 15 1082 12 1078 41 1081 66 
72 5 1079 18 1075 47 1082 43 1078 72 1081 75 
20 9 1076 78 1082 75 1079 4 1078 58 1081 61 1084 19 1077 44 1080 70 1083 73 
40 7 1085 18 1081 47 1078 76 1084 73 1077 30 1080 56 1083 59 
42 5 1081 33 1078 62 1084 59 1080 42 1083 45 
76 6 1081 97 1084 22 1087 80 1080 6 1083 31 1086 89 
95 5 1088 12 1084 8 1081 37 1087 66 1080 92 
30 2 1085 63 1081 92 
30 2 1085 40 1082 69 
84 7 1086 17 1083 46 1089 43 1085 26 1088 29 1091 87 1084 12 
97 6 1092 87 1089 83 1085 12 1088 15 1091 73 1084 98 
98 4 1086 21 1092 50 1089 47 1085 76 
84 1 1093 27 
89 5 1091 24 1087 53 1094 82 1090 78 1093 36 
37 9 1088 7 1094 36 1091 33 1090 10 1093 13 1096 71 1089 96 1092 99 1095 57 
20 2 1097 2 1093 99 
54 9 1098 79 1094 76 1091 5 1097 34 1090 59 1093 85 1096 43 1092 71 1095 29 
7 9 1097 74 1093 71 1096 29 1099 54 1092 80 1095 83 1098 41 1091 66 1094 69 
10 6 1096 15 1092 43 1099 72 1095 69 1098 27 1094 55 
44 5 1096 78 1095 55 1098 13 1101 38 1094 41 
46 4 1099 44 1095 41 1102 70 1098 99 
63 6 1096 18 1103 47 1099 44 1102 2 1095 27 1098 53 
65 5 1100 76 1096 4 1103 33 1099 30 1102 88 
100 2 1097 59 1103 88 
100 2 1101 85 1104 42 
8 3 1101 39 1104 97 1107 22 
65 5 1108 22 1105 51 1102 48 1101 25 1104 83 
17 3 1109 54 1105 83 1102 80 
8 3 1103 80 1109 8 1106 37 
57 6 1107 37 1103 34 1110 63 1106 37 1109 94 1105 23 
21 2 1107 46 1106 23 
21 2 1111 3 1107 100 
7 6 1111 81 1108 77 1114 6 1107 9 1110 67 1113 92 
21 2 1115 15 1111 44 
58 8 1115 92 1112 21 1109 18 1108 95 1111 53 1114 78 1110 7 1113 64 
24 1 1111 7 
75 8 1112 84 1115 42 1118 67 1111 93 1114 51 1117 76 1110 79 1113 37 
28 8 1118 31 1115 59 1111 56 1114 14 1117 39 1113 23 1116 48 1119 74 
2 7 1114 100 1117 26 1120 51 1113 77 1116 34 1119 60 1112 63 
33 6 1120 37 1117 66 1113 63 1116 21 1119 46 1115 7 
84 5 1117 29 1116 7 1119 32 1122 35 1115 93 
85 4 1120 64 1116 93 1123 90 1119 18 
35 4 1117 70 1124 67 1120 96 1123 21 
70 1 1121 73 
75 7 1119 70 1125 98 1122 27 1118 24 1121 82 1124 7 1120 91 
38 3 1122 13 1121 91 1124 16 
87 4 1125 16 1122 45 1128 19 1121 77 
40 2 1129 96 1126 25 
35 6 1130 73 1126 2 1123 31 1129 5 1122 63 1125 88 
91 1 1127 11 
37 7 1124 40 1131 37 1127 66 1130 91 1126 74 1129 100 1132 3 
45 8 1130 77 1127 6 1133 3 1126 61 1129 86 1132 89 1125 47 1128 72 
51 4 1133 66 1130 95 1126 24 1129 50 
31 4 1127 1 1133 98 1130 27 1129 58 
47 8 1130 58 1133 84 1136 87 1129 44 1132 70 1135 73 1128 31 1131 56 
100 8 1136 50 1133 79 1129 8 1132 33 1135 59 1131 42 1134 68 1137 3 
54 4 1132 97 1135 22 1138 80 1131 6 
89 2 1139 57 1135 54 
52 6 1140 2 1136 31 1133 60 1139 57 1132 14 1135 40 
54 4 1137 63 1133 92 1140 89 1136 17 
40 1 1134 69 
45 5 1142 66 1138 95 1135 23 1141 20 1137 26 
56 3 1142 97 1138 26 1141 29 
16 8 1142 29 1139 58 1145 87 1138 12 1141 38 1144 73 1137 98 1140 24 
8 3 1145 50 1142 47 1138 76 
45 7 1139 76 1146 72 1142 1 1145 27 1141 10 1144 13 1147 71 
62 9 1145 13 1142 42 1148 71 1141 96 1144 99 1147 57 1140 82 1143 8 1146 43 
66 8 1148 88 1144 85 1141 14 1147 43 1143 94 1146 97 1149 55 1142 80 
66 8 1147 74 1144 3 1150 32 1143 57 1146 83 1149 41 1142 66 1145 69 
71 4 1150 95 1147 92 1143 21 1146 46 
57 1 1144 98 
62 4 1151 27 1148 24 1147 78 1150 13 
22 3 1148 32 1151 58 1154 16 
57 1 1155 16 
57 1 1153 12 
16 1 1150 41 
6 1 1158 70 
65 2 1155 67 1152 96 
14 4 1156 44 1153 73 1159 2 1152 27 
8 2 1160 79 1157 76 
71 6 1161 56 1157 53 1154 82 1160 11 1156 39 1159 97 
76 2 1161 19 1157 16 
13 8 1161 97 1158 94 1164 22 1157 48 1160 83 1163 8 1156 34 1159 37 
80 9 1164 63 1161 60 1157 88 1160 14 1163 72 1159 23 1162 81 1165 6 1158 32 
29 2 1160 77 1166 6 
80 1 1161 55 
75 7 1168 83 1165 12 1161 9 1164 67 1167 92 1160 18 1163 53 
34 7 1161 95 1168 24 1164 53 1167 78 1163 7 1166 65 1169 90 
34 9 1167 65 1164 61 1170 90 1163 93 1166 51 1169 76 1162 2 1165 37 1168 62 
38 6 1170 8 1166 37 1163 34 1169 62 1165 91 1168 48 
39 5 1170 71 1166 68 1169 26 1172 51 1165 77 
92 3 1170 80 1166 77 1173 6 
82 3 1174 6 1170 35 1167 31 
32 6 1168 31 1174 60 1171 89 1167 63 1170 21 1173 46 
92 5 1175 69 1171 98 1168 95 1174 23 1170 7 
45 3 1175 78 1171 7 1174 32 
94 3 1175 32 1172 61 1178 58 
43 4 1179 58 1176 87 1173 16 1172 61 
46 1 1180 12 
83 5 1178 41 1174 38 1181 67 1177 96 1180 21 
99 9 1175 92 1181 21 1178 50 1174 47 1177 5 1180 30 1176 91 1179 16 1182 42 
97 2 1177 68 1180 93 
34 6 1184 42 1181 71 1178 100 1177 77 1180 2 1183 28 
99 1 1185 51 
45 5 1182 80 1179 8 1185 5 1178 31 1181 88 
52 9 1186 60 1182 88 1179 85 1185 14 1181 75 1184 100 1187 3 1180 61 1183 86 
4 9 1185 32 1181 61 1188 57 1184 86 1187 12 1180 47 1183 72 1186 98 1182 58 
8 6 1184 4 1187 30 1183 58 1186 84 1189 87 1182 45 
9 4 1184 67 1190 64 1187 93 1183 22 
95 1 1191 41 
100 5 1188 70 1185 99 1191 96 1184 31 1187 56 
60 4 1192 27 1188 56 1185 85 1191 82 
10 6 1189 34 1186 62 1192 59 1188 42 1191 68 1194 71 
14 2 1189 74 1195 71 
14 2 1190 51 1196 48 
100 7 1190 28 1197 25 1193 54 1196 57 1189 15 1192 40 1195 66 
64 3 1193 40 1190 69 1196 66 
64 3 1197 66 1194 95 1191 23 
13 5 1192 23 1198 20 1195 49 1194 26 1197 52 
66 3 1195 4 1198 29 1201 87 
69 9 1202 87 1199 84 1195 12 1198 38 1201 41 1194 98 1197 24 1200 27 1196 10 
71 9 1198 56 1201 81 1197 10 1200 36 1203 71 1196 96 1199 22 1202 57 1195 82 
74 6 1197 28 1203 57 1200 54 1196 82 1199 8 1202 11 
27 4 1204 34 1200 62 1197 91 1203 88 
13 1 1201 40 
17 6 1202 17 1201 94 1205 20 1204 97 1207 55 1200 80 
27 6 1202 3 1208 32 1205 29 1201 57 1204 83 1207 41 
79 4 1209 63 1205 60 1202 89 1208 18 
41 4 1206 38 1202 66 1209 95 1205 92 
78 5 1203 44 1210 72 1206 69 1209 27 1205 78 
80 6 1210 49 1206 78 1209 81 1212 39 1205 64 1208 67 
1 3 1210 90 1206 19 1213 47 
80 6 1214 47 1210 44 1207 73 1213 2 1206 27 1209 53 
47 5 1210 76 1207 5 1214 33 1213 11 1209 62 
34 2 1214 65 1210 62 
34 2 1215 42 1211 39 
88 9 1216 20 1212 16 1215 74 1218 100 1211 25 1214 51 1217 9 1210 34 1213 37 
40 7 1215 83 1211 11 1218 40 1214 37 1217 95 1213 46 1216 81 
91 8 1214 23 1217 81 1220 6 1213 32 1216 67 1219 92 1212 18 1215 21 
95 5 1220 47 1217 44 1213 72 1216 98 1219 56 
30 2 1214 27 1220 56 
30 2 1218 53 1217 30 
43 9 1222 10 1218 7 1221 65 1224 90 1217 16 1220 51 1223 76 1216 2 1219 37 
49 3 1221 82 1217 79 1224 8 
91 3 1225 8 1221 37 1218 34 
40 4 1219 34 1225 62 1222 59 1221 91 
51 2 1222 91 1225 49 
100 3 1223 45 1229 74 1226 3 
40 4 1227 3 1223 100 1230 29 1226 35 
2 1 1224 54 
39 7 1232 83 1228 12 1225 9 1231 37 1224 63 1227 21 1230 46 
53 3 1228 21 1225 18 1231 46 
53 3 1232 46 1229 75 1228 75 
67 4 1229 75 1232 32 1235 58 1228 61 
7 9 1236 13 1233 41 1229 38 1232 96 1235 21 1228 47 1231 5 1234 30 1230 91 
60 7 1232 36 1235 62 1231 91 1234 16 1237 42 1230 45 1233 2 
11 8 1231 45 1238 74 1234 2 1237 28 1230 31 1233 89 1236 14 1232 75 
14 5 1237 69 1234 97 1233 75 1236 100 1239 26 
13 7 1234 29 1240 26 1237 55 1233 61 1236 86 1239 12 1232 15 
17 2 1240 89 1237 18 
59 2 1241 66 1238 95 
13 9 1242 44 1238 72 1235 69 1241 98 1237 59 1240 84 1243 10 1236 45 1239 70 
19 3 1241 16 1237 45 1244 41 
61 3 1245 41 1241 70 1238 99 
10 3 1239 99 1245 96 1242 25 
59 4 1243 25 1240 54 1246 50 1239 8 
58 7 1247 28 1243 56 1240 85 1246 82 1242 42 1245 68 1248 94 
21 3 1246 68 1243 97 1249 94 
21 3 1250 94 1247 23 1244 51 
71 4 1245 51 1251 48 1248 77 1244 6 
10 5 1252 25 1248 54 1245 83 1251 80 1244 15 
26 9 1249 86 1245 15 1252 11 1248 40 1251 66 1247 26 1250 52 1253 55 1246 12 
79 7 1248 58 1254 55 1251 84 1247 12 1250 38 1253 64 1246 99 
81 8 1254 41 1251 70 1247 99 1250 24 1253 50 1249 10 1252 36 1255 71 
84 5 1250 65 1253 90 1256 48 1249 74 1252 99 
36 3 1257 70 1253 99 1250 28 
27 3 1251 28 1257 25 1254 54 
76 4 1255 54 1251 82 1258 79 1254 8 
84 7 1252 60 1259 57 1255 85 1258 11 1254 94 1257 20 1260 55 
38 3 1258 97 1255 26 1261 55 
38 3 1262 55 1259 52 1255 80 
88 4 1256 80 1263 9 1259 6 1262 41 
40 2 1260 60 1257 89 
35 6 1261 38 1257 66 1264 95 1260 92 1263 95 1259 78 
40 2 1261 1 1260 78 
40 2 1265 27 1261 55 
94 8 1265 4 1262 33 1268 39 1261 64 1264 90 1267 25 1260 50 1263 76 
93 1 1268 2 
80 5 1266 99 1262 28 1269 56 1265 53 1268 11 
96 9 1263 82 1269 11 1266 8 1265 62 1268 65 1271 23 1264 48 1267 74 1270 9 
49 6 1272 54 1268 51 1265 80 1271 9 1264 34 1267 60 
57 6 1269 83 1265 11 1272 40 1268 37 1271 95 1267 46 
49 8 1269 69 1268 46 1272 4 1271 81 1274 6 1267 32 1270 35 1273 93 
3 5 1268 86 1275 15 1271 12 1274 70 1267 95 
6 2 1272 67 1268 95 
6 2 1272 44 1269 73 
92 7 1273 21 1270 50 1276 79 1272 30 1275 65 1278 90 1271 16 
5 5 1279 90 1276 19 1272 16 1275 51 1278 76 
58 3 1273 48 1279 76 1276 73 
48 4 1277 73 1273 2 1280 31 1276 28 
56 5 1274 79 1281 8 1277 5 1280 63 1276 14 
58 3 1281 17 1277 14 1280 49 
22 0 
82 9 1279 45 1285 74 1282 3 1278 100 1281 35 1284 60 1277 86 1280 21 1283 46 
70 3 1285 92 1281 21 1278 18 
9 4 1279 18 1285 46 1282 43 1281 98 
12 2 1282 98 1286 55 
61 2 1283 52 1286 10 
1 3 1290 58 1287 87 1283 84 
29 3 1284 84 1291 13 1288 41 
63 1 1289 41 
63 1 1286 38 
54 1 1294 67 
12 4 1291 96 1288 93 1294 21 1287 47 
70 5 1295 99 1292 28 1288 24 1291 82 1294 8 
22 3 1289 79 1295 8 1292 36 
13 4 1293 36 1296 62 1292 59 1295 16 
70 7 1293 36 1296 94 1299 19 1292 45 1295 3 1298 28 1291 54 
70 7 1299 28 1296 57 1292 54 1295 89 1298 14 1294 75 1297 100 
24 4 1295 75 1298 100 1301 26 1294 29 
77 2 1302 80 1299 9 
72 8 1303 58 1299 86 1296 83 1302 12 1295 38 1298 73 1301 98 1297 59 
29 1 1302 53 
17 5 1300 81 1299 59 1302 84 1305 10 1298 45 
19 0 
67 2 1307 64 1304 93 
26 4 1308 42 1304 70 1301 99 1307 96 
29 1 1305 48 
34 7 1303 76 1309 73 1306 2 1302 99 1305 56 1308 82 1304 43 
84 8 1306 65 1305 43 1308 68 1311 94 1304 29 1307 54 1310 80 1303 15 
87 7 1308 9 1305 38 1311 34 1304 92 1307 18 1310 43 1306 26 
38 6 1308 49 1307 26 1310 52 1313 78 1306 13 1309 38 
89 7 1311 61 1307 90 1314 87 1310 15 1313 41 1306 99 1309 24 
91 6 1307 99 1314 95 1310 24 1313 50 1309 10 1312 36 
42 5 1314 59 1310 88 1313 13 1316 39 1309 96 
94 3 1314 68 1310 96 1317 93 
85 3 1318 93 1314 22 1311 51 
34 4 1312 51 1318 48 1315 77 1311 83 
96 2 1319 2 1316 31 
91 8 1320 79 1316 8 1313 37 1319 34 1315 94 1318 20 1321 55 1314 80 
48 2 1319 74 1316 3 
94 5 1320 52 1316 80 1323 9 1319 6 1322 32 
47 3 1317 35 1323 32 1320 60 
38 3 1321 60 1318 89 1324 86 
87 4 1325 86 1322 15 1318 44 1321 69 
53 7 1319 21 1325 18 1322 47 1321 78 1324 4 1327 39 1320 64 
54 2 1328 39 1325 36 
44 8 1329 16 1326 13 1322 42 1325 67 1328 25 1321 50 1324 76 1327 2 
45 2 1322 28 1329 24 
49 3 1323 5 1329 2 1326 30 
74 3 1327 30 1324 59 1330 56 
43 1 1331 56 
43 1 1329 85 
2 1 1329 62 
55 8 1330 39 1333 65 1336 23 1329 48 1332 74 1335 9 1328 34 1331 60 
8 8 1336 86 1333 83 1329 12 1332 37 1335 95 1331 46 1334 72 1337 7 
62 4 1332 100 1335 26 1338 84 1331 9 
65 1 1339 61 
2 5 1336 58 1333 87 1340 15 1339 93 1332 18 
13 3 1337 89 1333 18 1340 47 
4 4 1341 47 1337 44 1334 73 1340 79 
66 1 1338 98 
2 7 1336 27 1342 56 1339 53 1338 30 1341 65 1344 90 1337 16 
66 3 1345 90 1342 87 1338 16 
66 3 1339 16 1346 45 1342 42 
15 4 1343 42 1340 70 1347 99 1346 77 
18 1 1344 96 
55 5 1342 25 1348 54 1345 51 1341 79 1344 5 
71 9 1349 8 1345 5 1342 34 1348 63 1344 14 1347 49 1350 74 1343 100 1346 58 
70 2 1348 3 1344 100 
95 9 1349 80 1345 77 1352 6 1348 35 1351 60 1344 86 1347 12 1350 47 1346 98 
73 9 1348 43 1351 1 1347 98 1350 33 1353 58 1346 84 1349 19 1352 44 1345 70 
76 7 1347 16 1353 44 1350 73 1346 70 1349 28 1352 30 1348 82 
27 8 1350 4 1349 82 1353 39 1352 17 1355 42 1348 68 1351 3 1354 28 
81 4 1349 22 1356 51 1352 80 1355 5 
35 9 1353 57 1349 54 1356 83 1352 89 1355 14 1351 98 1354 100 1357 26 1350 52 
83 3 1352 97 1358 26 1355 55 
25 2 1356 55 1352 52 
83 3 1357 32 1353 29 1360 58 
46 7 1361 58 1357 87 1354 83 1360 12 1353 38 1356 73 1359 98 
38 1 1357 73 
88 9 1355 69 1361 98 1358 27 1357 59 1360 84 1363 10 1356 68 1359 70 1362 96 
90 9 1364 42 1360 70 1357 67 1363 96 1356 22 1359 57 1362 82 1358 43 1361 68 
94 8 1363 14 1359 43 1362 68 1365 94 1358 29 1361 54 1364 80 1357 38 
94 8 1362 32 1359 60 1365 57 1358 83 1361 40 1364 66 1360 27 1363 52 
48 5 1361 27 1364 52 1367 78 1360 13 1363 38 
50 3 1368 9 1364 38 1361 67 
40 6 1362 67 1368 64 1365 93 1361 99 1364 24 1367 50 
1 4 1369 73 1365 2 1362 30 1368 27 
55 9 1366 79 1369 4 1365 10 1368 36 1371 62 1364 97 1367 22 1370 48 1363 83 
57 9 1365 28 1371 25 1368 54 1364 83 1367 8 1370 34 1366 94 1369 20 1372 46 
6 2 1367 72 1370 97 
11 6 1374 46 1371 74 1368 3 1367 80 1370 6 1373 32 
8 1 1375 55 
54 4 1372 83 1369 12 1375 9 1368 67 
11 8 1376 86 1373 15 1369 44 1372 69 1375 95 1371 78 1374 4 1377 62 
80 9 1372 56 1375 81 1378 39 1371 64 1374 90 1377 16 1370 50 1373 76 1376 2 
64 8 1378 47 1374 76 1371 5 1377 2 1373 62 1376 88 1379 23 1372 48 
18 4 1377 42 1374 71 1380 100 1373 26 
72 1 1381 77 
9 4 1378 74 1375 3 1381 32 1374 34 
20 3 1382 86 1379 83 1375 12 
74 9 1376 12 1383 8 1379 37 1382 63 1378 46 1381 72 1384 7 1377 32 1380 58 
22 3 1382 3 1378 32 1385 61 
63 3 1386 61 1382 58 1379 87 
12 4 1380 87 1387 15 1383 12 1386 70 
79 5 1384 90 1380 18 1387 47 1383 44 1386 2 
73 2 1381 73 1387 2 
73 2 1382 50 1388 79 
26 9 1383 27 1389 56 1386 53 1385 30 1388 56 1391 91 1384 16 1387 42 1390 77 
79 9 1392 22 1388 19 1385 48 1391 77 1384 2 1387 28 1390 63 1386 14 1389 72 
29 9 1391 17 1387 14 1390 72 1393 74 1386 100 1389 26 1392 61 1385 86 1388 12 
32 9 1390 57 1386 86 1393 15 1389 12 1392 47 1388 98 1391 55 1394 58 1387 84 
35 6 1389 30 1395 58 1392 87 1388 84 1391 42 1394 44 
88 4 1396 67 1392 96 1389 93 1395 22 
12 1 1393 41 
79 4 1390 70 1397 99 1393 96 1396 31 
90 2 1394 50 1391 79 
85 8 1395 27 1398 85 1394 82 1397 17 1400 42 1393 68 1396 26 1399 28 
42 2 1394 22 1401 51 
88 5 1395 100 1401 28 1398 57 1394 54 1397 12 
41 3 1402 83 1398 12 1395 8 
31 4 1396 8 1403 37 1399 34 1402 92 
98 7 1400 11 1403 69 1399 66 1402 1 1405 26 1398 52 1401 87 
47 8 1399 29 1406 58 1402 87 1405 12 1398 38 1401 96 1404 98 1400 82 
16 6 1405 76 1402 4 1401 82 1404 84 1407 10 1400 36 
99 9 1402 58 1408 87 1405 16 1401 13 1404 71 1407 96 1400 22 1403 57 1406 82 
53 5 1408 28 1404 57 1401 53 1407 82 1403 66 
51 9 1408 37 1404 66 1407 68 1410 94 1403 52 1406 54 1409 80 1402 6 1405 41 
58 3 1407 86 1403 83 1410 12 
99 3 1411 12 1407 41 1404 37 
48 3 1405 37 1411 66 1408 95 
98 4 1409 95 1412 21 1408 27 1411 52 
9 2 1409 4 1412 30 
63 9 1416 78 1413 7 1409 36 1412 38 1415 64 1408 22 1411 24 1414 50 1410 11 
38 3 1412 56 1415 82 1411 11 
38 3 1412 11 1415 36 1418 62 
12 1 1419 62 
12 1 1417 91 
3 2 1415 19 1421 16 
52 2 1415 97 1422 93 
6 9 1416 74 1423 71 1419 100 1422 25 1415 83 1418 8 1421 34 1417 94 1420 20 
18 9 1422 66 1418 94 1421 20 1424 46 1417 81 1420 6 1423 32 1416 89 1419 92 
21 6 1421 38 1417 67 1424 63 1420 92 1423 18 1419 78 
23 5 1421 1 1420 78 1423 4 1426 30 1419 64 
24 3 1424 36 1420 64 1427 61 
15 4 1428 61 1424 90 1421 19 1427 16 
23 7 1425 67 1422 96 1428 93 1421 51 1424 76 1427 2 1423 62 
77 3 1425 85 1424 62 1427 88 
26 4 1428 88 1425 17 1431 46 1424 48 
79 2 1432 100 1429 97 
74 8 1433 77 1429 74 1426 3 1432 100 1425 34 1428 60 1431 86 1427 46 
31 2 1432 40 1429 69 
77 5 1433 17 1429 46 1432 72 1435 29 1428 32 
26 2 1433 4 1429 32 
26 2 1434 81 1430 10 
87 5 1434 58 1431 87 1437 16 1430 18 1433 44 
84 9 1438 47 1434 44 1431 73 1437 70 1433 30 1436 56 1439 91 1432 16 1435 42 
37 9 1437 87 1433 16 1440 45 1436 42 1439 99 1432 2 1435 28 1438 86 1434 14 
40 6 1436 60 1439 17 1435 14 1438 40 1441 75 1434 100 
42 5 1436 23 1442 52 1439 49 1435 77 1438 3 
45 2 1443 6 1439 3 
45 2 1444 83 1440 80 
31 9 1444 61 1441 57 1437 86 1440 12 1443 69 1439 98 1442 56 1445 58 1438 84 
96 3 1440 30 1446 58 1443 55 
38 3 1444 55 1440 84 1447 13 
87 4 1448 13 1444 10 1441 38 1447 45 
49 1 1445 64 
53 5 1443 93 1449 22 1446 19 1442 47 1445 73 
1 9 1450 76 1446 73 1443 2 1449 31 1445 82 1448 39 1451 42 1444 68 1447 26 
100 3 1449 71 1445 68 1452 97 
41 2 1453 97 1449 26 
100 3 1454 74 1450 3 1447 100 
44 9 1448 100 1454 28 1451 25 1447 54 1450 80 1453 15 1449 66 1452 23 1455 26 
56 8 1450 20 1453 78 1456 3 1449 29 1452 87 1455 12 1448 38 1451 96 
56 9 1456 90 1453 18 1449 15 1452 73 1455 98 1451 50 1454 85 1457 10 1450 36 
59 7 1452 81 1458 10 1455 39 1451 36 1454 93 1457 96 1450 22 
61 5 1458 96 1455 25 1451 22 1454 80 1457 82 
14 3 1452 54 1458 82 1455 11 
4 3 1456 11 1459 37 1455 66 
12 6 1456 66 1460 91 1459 68 1462 94 1455 20 1458 55 
17 2 1460 77 1456 74 
22 6 1460 55 1457 51 1463 80 1456 6 1459 63 1462 66 
68 1 1464 89 
14 5 1461 18 1458 15 1464 43 1460 50 1463 52 
94 9 1461 4 1464 30 1467 55 1460 13 1463 38 1466 64 1459 90 1462 25 1465 50 
42 1 1467 96 
14 7 1464 25 1461 21 1467 50 1463 33 1466 36 1469 62 1462 20 
1 1 1470 62 
73 9 1468 91 1464 20 1471 16 1467 22 1470 48 1463 6 1466 8 1469 34 1465 95 
29 4 1467 40 1470 66 1466 95 1469 20 
78 7 1467 72 1470 97 1473 23 1466 81 1469 6 1472 32 1465 90 
79 7 1473 32 1470 61 1466 90 1469 92 1472 18 1468 78 1471 4 
33 3 1469 78 1472 4 1475 30 
82 4 1476 30 1473 59 1469 87 1472 90 
34 2 1470 42 1477 39 
30 8 1471 19 1477 16 1474 45 1470 73 1473 76 1476 2 1472 62 1475 88 
87 2 1473 62 1476 88 
87 2 1474 17 1480 14 
36 2 1475 94 1481 91 
90 9 1476 71 1482 68 1479 97 1475 26 1478 51 1481 77 1474 35 1477 60 1480 86 
40 9 1482 31 1478 60 1475 89 1481 86 1477 46 1480 72 1483 30 1476 32 1479 58 
43 9 1481 4 1477 32 1484 61 1480 58 1483 84 1476 18 1479 44 1482 70 1478 30 
47 6 1480 76 1483 1 1479 30 1482 56 1485 13 1478 16 
48 4 1480 39 1486 68 1483 65 1479 94 
2 1 1487 45 
39 5 1484 42 1481 71 1487 100 1480 2 1483 28 
99 6 1488 31 1484 28 1481 57 1487 54 1483 14 1486 40 
50 5 1488 63 1484 91 1487 17 1490 75 1483 100 
3 3 1488 71 1484 100 1491 29 
93 3 1492 29 1488 26 1485 55 
43 4 1486 55 1492 83 1489 80 1485 86 
4 1 1493 38 
9 7 1491 35 1487 64 1494 92 1490 89 1493 47 1489 98 1492 24 
5 3 1490 98 1493 24 1496 59 
41 7 1497 59 1494 55 1490 84 1493 10 1496 67 1489 70 1492 96 
1 7 1490 70 1497 99 1493 96 1496 53 1492 82 1495 40 1498 42 
62 7 1496 17 1493 14 1499 42 1492 68 1495 94 1498 29 1491 54 
13 8 1499 29 1496 25 1492 54 1495 80 1498 37 1494 66 1497 23 1500 26 
17 5 1495 20 1498 78 1501 4 1494 29 1497 87 
69 3 1502 58 1498 87 1495 84 
60 4 1496 84 1502 12 1499 9 1495 38 
67 5 1503 90 1500 86 1496 15 1499 41 1502 99 
20 2 1497 70 1503 99 
20 2 1498 47 1504 76 
74 9 1502 73 1501 50 1504 7 1507 10 1500 36 1503 94 1506 96 1499 22 1505 82 
74 1 1507 28 
30 5 1504 57 1501 54 1507 82 1503 34 1506 91 
22 5 1504 11 1507 69 1510 94 1503 20 1506 77 
24 3 1511 49 1507 77 1504 74 
82 4 1505 74 1512 3 1508 32 1511 57 
81 5 1509 9 1505 6 1512 35 1508 64 1511 66 
29 9 1506 38 1512 66 1509 95 1508 50 1511 52 1514 78 1507 4 1510 61 1513 64 
81 7 1515 10 1511 39 1508 35 1514 64 1507 90 1510 47 1513 50 
83 8 1511 25 1508 21 1514 50 1510 34 1513 36 1516 62 1509 20 1512 22 
86 5 1517 16 1514 45 1510 42 1513 100 1516 25 
90 2 1511 96 1517 25 
90 2 1511 74 1518 3 
76 6 1512 51 1519 80 1515 9 1518 34 1514 17 1517 20 
39 3 1519 43 1515 72 1518 98 
93 9 1519 98 1516 26 1522 23 1515 81 1518 6 1521 32 1514 90 1517 92 1520 18 
92 2 1522 64 1518 92 
43 2 1523 41 1519 70 
96 6 1523 18 1520 47 1519 1 1522 4 1525 30 1518 87 
92 4 1520 10 1526 7 1523 36 1519 65 
46 9 1527 84 1524 13 1520 42 1523 68 1526 93 1519 51 1522 76 1525 2 1521 85 
45 2 1523 31 1526 56 
86 2 1523 85 1527 11 
94 3 1524 40 1527 65 1530 91 
51 7 1531 91 1528 20 1524 49 1527 74 1530 100 1523 57 1526 60 
51 7 1524 35 1531 31 1527 60 1530 86 1526 46 1529 72 1532 98 
52 8 1530 72 1527 1 1533 98 1526 55 1529 58 1532 84 1525 41 1528 44 
6 5 1533 38 1530 67 1526 96 1529 21 1532 47 
9 2 1527 50 1533 47 
9 2 1531 76 1534 1 
49 3 1531 30 1534 56 1537 14 
6 5 1538 14 1535 10 1532 39 1531 16 1534 42 
58 3 1539 45 1535 42 1532 71 
49 5 1533 71 1539 68 1536 96 1532 25 1535 28 
60 3 1540 99 1536 28 1533 57 
51 4 1534 57 1540 54 1537 83 1536 14 
62 2 1537 14 1540 40 
11 3 1538 69 1544 97 1541 94 
19 4 1542 94 1539 23 1545 52 1538 78 
17 7 1546 29 1542 26 1539 55 1545 84 1538 86 1541 12 1544 38 
64 2 1542 12 1539 41 
95 4 1543 89 1540 18 1546 15 1542 98 
45 5 1543 98 1546 24 1549 81 1542 84 1545 10 
14 6 1550 13 1546 10 1543 39 1549 67 1542 70 1545 96 
69 8 1547 19 1543 48 1550 76 1546 73 1549 31 1545 82 1548 8 1551 65 
19 8 1546 59 1549 85 1552 43 1545 68 1548 94 1551 51 1544 54 1547 80 
23 7 1552 6 1549 3 1545 31 1548 57 1551 15 1547 66 1550 24 
74 6 1548 66 1551 24 1554 26 1547 52 1550 78 1553 35 
25 5 1555 58 1551 55 1548 84 1554 13 1547 38 
28 2 1552 9 1548 38 
28 2 1553 87 1549 15 
82 9 1553 64 1550 93 1556 21 1552 50 1555 7 1558 10 1551 36 1554 94 1557 19 
79 3 1559 65 1555 94 1552 90 
89 3 1553 90 1559 19 1556 48 
38 4 1557 48 1554 45 1560 74 1553 99 
37 7 1561 51 1557 48 1554 77 1560 5 1556 34 1559 91 1562 94 
86 8 1560 69 1557 65 1563 94 1556 20 1559 78 1562 80 1555 6 1558 64 
1 5 1563 58 1560 86 1556 83 1559 41 1562 66 
89 7 1557 38 1563 66 1560 63 1559 18 1562 75 1565 78 1558 4 
90 7 1566 78 1563 7 1559 4 1562 61 1565 64 1558 90 1561 48 
41 8 1559 90 1566 19 1562 48 1565 50 1561 34 1564 59 1567 62 1560 88 
44 5 1565 14 1562 10 1568 39 1561 65 1564 23 
47 3 1569 94 1565 23 1562 19 
38 3 1563 19 1569 48 1566 77 
87 4 1567 77 1563 74 1570 3 1566 31 
95 5 1564 51 1571 80 1567 9 1570 34 1566 18 
97 5 1571 89 1567 18 1570 20 1573 46 1566 4 
98 4 1571 75 1567 4 1574 100 1570 29 
48 4 1568 81 1575 78 1571 6 1574 32 
51 2 1572 84 1569 80 
46 6 1573 61 1569 58 1576 87 1572 15 1575 18 1571 1 
51 2 1573 24 1572 1 
51 2 1577 50 1573 79 
5 8 1578 27 1574 56 1577 82 1580 7 1573 65 1576 90 1579 16 1572 74 
55 1 1577 68 
10 4 1575 96 1581 93 1578 22 1574 19 
8 5 1582 70 1578 99 1575 96 1581 2 1577 85 
88 4 1582 57 1578 85 1581 88 1584 14 
58 8 1582 65 1579 94 1585 91 1578 49 1581 74 1584 100 1577 58 1580 83 
58 8 1585 77 1582 6 1578 35 1581 60 1584 86 1580 69 1583 72 1586 98 
12 6 1581 24 1584 49 1587 75 1580 33 1583 58 1586 84 
14 5 1588 7 1584 35 1581 64 1587 61 1580 19 
17 2 1585 90 1581 19 
17 2 1586 67 1582 96 
71 7 1586 44 1583 73 1589 70 1585 53 1588 56 1591 14 1584 39 
16 5 1592 14 1589 10 1585 39 1588 42 1591 68 
68 3 1586 71 1592 68 1589 97 
27 4 1590 97 1586 25 1593 22 1589 28 
21 1 1587 80 
26 5 1595 77 1591 5 1588 34 1594 31 1590 14 
10 2 1595 85 1591 14 
10 2 1596 63 1592 92 
76 4 1596 40 1593 69 1599 98 1592 23 
70 2 1600 75 1597 72 
66 8 1601 52 1598 49 1594 78 1597 3 1600 29 1593 87 1596 12 1599 38 
24 8 1594 64 1601 61 1597 89 1600 15 1596 98 1599 24 1602 81 1595 84 
79 7 1600 78 1597 7 1603 36 1596 62 1599 87 1602 45 1595 70 
80 5 1603 45 1600 42 1596 70 1599 96 1602 22 
79 7 1597 25 1603 22 1600 50 1599 82 1602 8 1605 65 1598 68 
33 3 1606 43 1603 39 1599 68 
33 3 1600 68 1607 97 1603 94 
82 6 1604 94 1601 23 1607 51 1600 54 1603 80 1606 38 
33 5 1608 60 1604 57 1601 86 1607 15 1603 66 
86 3 1608 69 1604 66 1607 92 
35 4 1608 92 1605 20 1611 49 1604 52 
87 1 1612 4 
92 5 1610 1 1606 29 1613 58 1609 55 1612 13 
40 9 1607 84 1613 13 1610 9 1606 38 1609 64 1612 21 1608 50 1611 8 1614 33 
39 3 1609 27 1612 85 1615 10 
92 9 1616 10 1613 39 1609 36 1612 62 1615 19 1608 22 1611 48 1614 5 1610 34 
94 8 1612 79 1615 37 1611 34 1614 92 1617 17 1610 20 1613 78 1616 3 
4 4 1611 97 1618 26 1614 55 1617 80 
49 4 1615 32 1612 29 1618 58 1611 83 
52 1 1619 35 
88 7 1616 32 1613 61 1619 89 1615 18 1618 75 1621 78 1614 4 
50 5 1622 78 1619 7 1615 4 1618 62 1621 87 
49 8 1616 58 1622 87 1619 16 1615 90 1618 48 1621 73 1617 2 1620 59 
52 5 1618 2 1621 59 1624 62 1617 88 1620 45 
54 4 1625 17 1621 45 1618 42 1624 48 
57 1 1622 100 
62 5 1620 97 1626 25 1623 54 1619 51 1622 9 
10 9 1627 80 1623 9 1620 6 1626 34 1622 18 1625 43 1628 46 1621 72 1624 29 
8 2 1626 75 1622 72 
59 1 1627 52 
55 6 1624 49 1631 78 1627 7 1630 32 1623 58 1626 15 
10 1 1628 38 
56 4 1625 35 1632 64 1628 93 1631 18 
13 8 1629 70 1626 67 1632 95 1628 2 1631 27 1634 30 1627 88 1630 13 
63 1 1635 7 
18 4 1633 36 1629 65 1636 62 1632 90 
17 5 1630 10 1637 39 1633 68 1636 93 1629 19 
69 3 1634 22 1630 19 1637 48 
60 3 1638 48 1634 77 1631 73 
9 4 1632 73 1638 2 1635 31 1634 85 
66 8 1635 85 1639 11 1638 88 1641 14 1634 72 1637 97 1640 100 1633 58 
70 5 1638 52 1635 80 1641 77 1634 35 1637 60 
73 2 1642 32 1638 60 
73 2 1643 9 1639 38 
27 9 1643 86 1640 15 1639 69 1642 72 1645 98 1638 55 1641 81 1644 84 1637 42 
24 3 1639 87 1645 84 1642 13 
33 3 1643 13 1639 42 1646 38 
83 4 1647 38 1643 67 1640 96 1646 70 
77 1 1644 22 
81 5 1642 50 1648 47 1645 76 1644 53 1647 56 
66 7 1645 8 1648 33 1651 59 1644 17 1647 42 1650 68 1643 25 
78 2 1651 68 1648 97 
88 1 1652 45 
83 5 1650 74 1646 3 1653 99 1649 28 1652 54 
13 0 
6 8 1651 6 1648 34 1654 31 1650 37 1653 40 1656 98 1649 23 1652 26 
34 7 1657 20 1654 49 1650 78 1653 3 1656 29 1649 87 1652 12 
36 5 1650 87 1657 83 1653 12 1656 38 1652 21 
84 9 1657 92 1653 21 1656 24 1659 82 1652 7 1655 10 1658 36 1651 93 1654 96 
90 4 1656 42 1652 71 1659 67 1655 96 
90 4 1653 48 1660 45 1656 73 1659 99 
94 1 1657 51 
98 5 1658 28 1661 53 1657 82 1660 8 1663 65 
91 4 1658 37 1664 65 1661 62 1657 91 
40 6 1665 43 1662 40 1658 68 1661 94 1664 52 1657 77 
42 5 1659 100 1665 29 1662 26 1658 54 1661 80 
45 2 1666 83 1662 80 
45 2 1667 60 1663 57 
99 7 1667 6 1664 34 1663 66 1666 92 1669 49 1662 52 1665 78 
53 6 1663 52 1670 81 1666 78 1669 35 1662 61 1665 64 
99 8 1667 87 1663 16 1670 44 1666 41 1669 99 1665 50 1668 76 1671 33 
91 8 1666 27 1669 53 1672 11 1665 36 1668 62 1671 19 1664 22 1667 48 
53 7 1672 74 1669 71 1665 99 1668 25 1671 83 1667 34 1670 92 
4 6 1668 34 1671 92 1674 17 1667 20 1670 46 1673 3 
55 7 1675 26 1671 23 1668 52 1674 81 1667 6 1669 83 1672 9 
28 1 1670 83 
13 9 1671 61 1677 89 1674 86 1670 15 1673 18 1676 76 1669 1 1672 4 1675 62 
61 3 1677 7 1673 4 1670 33 
70 3 1671 33 1677 62 1674 58 
19 3 1675 58 1678 16 1674 90 
13 1 1675 90 
13 1 1676 67 
67 7 1677 45 1683 73 1680 70 1676 76 1679 2 1682 59 1675 85 
62 4 1683 59 1680 56 1676 85 1679 88 
66 1 1677 39 
70 5 1685 68 1681 65 1678 94 1684 23 1680 74 
67 9 1685 77 1681 74 1684 32 1687 57 1680 60 1683 86 1686 43 1679 46 1682 72 
20 9 1684 17 1680 46 1687 75 1683 72 1686 29 1682 58 1685 16 1688 41 1681 44 
23 6 1683 90 1689 18 1686 47 1682 44 1685 2 1688 27 
22 8 1690 50 1686 79 1683 76 1689 4 1682 30 1685 56 1688 13 1684 42 
76 4 1689 68 1686 65 1685 42 1688 99 
25 7 1686 19 1689 77 1692 2 1685 28 1688 86 1691 11 1684 14 
80 3 1692 88 1689 17 1685 14 
80 3 1686 14 1693 43 1689 72 
29 4 1690 72 1687 68 1693 97 1689 26 
30 3 1690 26 1693 83 1696 86 
53 2 1697 86 1694 15 
74 1 1698 63 
37 7 1696 92 1692 89 1699 18 1695 47 1698 72 1691 98 1694 56 
83 2 1692 98 1699 27 
93 2 1693 75 1700 4 
78 7 1694 52 1700 81 1697 10 1696 42 1699 67 1702 70 1695 96 
69 6 1703 70 1700 99 1696 96 1699 53 1702 56 1695 82 
88 8 1697 5 1703 33 1700 62 1696 59 1699 17 1702 42 1698 26 1701 51 
7 7 1699 26 1702 51 1705 54 1698 12 1701 37 1704 40 1697 66 
43 7 1705 40 1702 69 1698 66 1701 23 1704 49 1700 9 1703 35 
43 6 1701 9 1704 35 1707 38 1700 96 1703 21 1706 24 
48 2 1708 47 1704 76 
52 8 1708 24 1705 53 1701 82 1704 7 1707 10 1703 93 1706 19 1709 22 
100 2 1704 48 1707 73 
5 6 1711 22 1708 51 1704 79 1707 5 1710 8 1703 66 
51 1 1705 88 
97 7 1712 85 1709 14 1705 43 1708 68 1711 94 1707 77 1710 80 
97 5 1708 55 1711 80 1714 6 1707 63 1710 89 
53 2 1715 60 1711 89 
53 2 1716 37 1712 66 
7 8 1717 15 1713 43 1710 72 1716 69 1709 27 1712 52 1715 78 1711 61 
57 9 1716 55 1713 84 1712 61 1715 64 1718 90 1711 47 1714 50 1717 76 1710 33 
60 8 1712 79 1718 76 1715 5 1711 33 1714 59 1717 62 1713 45 1716 48 
14 5 1714 22 1717 48 1720 6 1713 31 1716 34 
16 3 1721 37 1717 34 1714 63 
75 3 1715 63 1721 60 1718 88 
24 4 1719 88 1715 17 1722 14 1718 20 
18 2 1716 72 1723 69 
13 8 1717 49 1723 46 1720 75 1719 29 1722 32 1725 89 1718 15 1721 18 
70 2 1726 44 1723 41 
16 5 1727 21 1723 18 1720 47 1726 76 1719 1 
69 3 1724 72 1720 1 1727 30 
27 3 1728 30 1725 27 1721 56 
77 4 1722 56 1729 52 1725 81 1728 7 
75 7 1726 58 1729 84 1725 13 1728 16 1731 73 1724 99 1727 2 
84 4 1725 76 1732 5 1728 2 1731 60 
74 1 1729 79 
79 4 1727 8 1733 37 1730 34 1726 62 
77 8 1734 14 1731 11 1727 40 1730 65 1733 23 1729 74 1732 100 1735 57 
27 8 1730 51 1733 77 1736 35 1729 60 1732 86 1735 43 1728 69 1731 72 
81 5 1736 98 1733 95 1729 23 1732 49 1735 7 
84 2 1730 78 1736 7 
84 2 1734 4 1737 61 
24 5 1734 58 1737 16 1740 41 1733 44 1736 70 
33 5 1741 73 1737 70 1734 99 1740 27 1733 53 
32 6 1738 24 1734 53 1741 82 1737 56 1740 13 1736 42 
37 2 1738 65 1737 42 
37 2 1742 22 1738 19 
91 8 1742 100 1739 96 1745 25 1738 28 1741 86 1744 11 1737 14 1740 40 
90 2 1745 66 1742 62 
36 5 1746 43 1742 40 1739 69 1745 97 1741 26 
56 0 
38 8 1743 26 1746 83 1749 9 1742 12 1745 70 1748 95 1741 98 1744 56 
4 3 1749 50 1746 78 1742 75 
49 4 1743 75 1750 4 1746 33 1749 58 
47 5 1747 78 1744 7 1750 36 1746 10 1749 67 
95 9 1747 87 1750 45 1753 70 1746 96 1749 53 1752 79 1745 82 1748 40 1751 65 
48 7 1753 11 1749 40 1746 36 1752 65 1748 26 1751 51 1754 54 
52 3 1752 28 1749 25 1755 54 
52 3 1756 54 1753 83 1749 80 
2 6 1750 80 1757 9 1753 37 1756 63 1749 66 1752 23 
53 5 1754 46 1750 43 1757 72 1753 1 1756 26 
56 2 1751 97 1757 26 
56 2 1752 75 1758 4 
10 7 1756 32 1755 10 1758 35 1761 38 1754 96 1757 21 1760 47 
55 5 1758 21 1755 18 1761 47 1754 50 1757 7 
7 3 1762 79 1758 7 1755 4 
66 4 1756 4 1762 33 1759 62 1758 93 
9 2 1759 93 1762 19 
58 3 1760 48 1763 74 1766 99 
15 6 1767 99 1764 28 1760 57 1763 82 1766 8 1759 66 
12 9 1761 88 1767 85 1764 14 1760 11 1763 68 1766 94 1762 77 1765 3 1768 6 
16 8 1763 32 1766 57 1769 83 1762 41 1765 66 1768 92 1761 50 1764 75 
16 8 1769 69 1766 98 1762 27 1765 52 1768 78 1764 61 1767 87 1770 90 
70 5 1765 16 1768 41 1771 67 1764 25 1767 50 
22 2 1772 21 1768 50 
22 2 1773 99 1769 27 
76 9 1773 76 1770 5 1766 33 1769 59 1772 62 1768 45 1771 48 1774 74 1767 31 
74 4 1769 77 1775 74 1772 2 1768 31 
74 4 1776 51 1773 80 1769 9 1772 34 
77 1 1770 86 
81 5 1778 83 1774 11 1771 40 1777 37 1770 95 
29 9 1775 66 1771 95 1778 91 1774 20 1777 46 1773 29 1776 32 1779 90 1772 15 
28 2 1774 61 1780 90 
79 1 1775 38 
74 6 1782 67 1779 64 1775 92 1778 18 1781 44 1774 1 
30 1 1776 24 
76 4 1783 21 1780 50 1776 79 1779 4 
33 8 1777 56 1784 53 1780 81 1783 7 1779 13 1782 16 1785 73 1778 99 
10 1 1783 93 
38 4 1781 22 1787 51 1784 48 1780 76 
36 5 1788 28 1785 25 1781 54 1784 79 1787 37 
89 3 1782 8 1788 37 1785 34 
79 3 1786 34 1782 62 1789 91 
29 6 1790 91 1786 88 1783 17 1789 14 1785 97 1788 100 
38 6 1790 23 1786 51 1789 77 1792 35 1785 60 1788 86 
40 4 1790 9 1786 37 1793 66 1789 63 
94 1 1787 15 
99 4 1794 44 1791 40 1787 69 1790 72 
42 3 1788 24 1795 52 1791 49 
96 9 1792 49 1789 78 1795 7 1791 81 1794 84 1797 41 1790 67 1793 70 1796 27 
44 3 1798 73 1794 70 1791 99 
53 3 1792 99 1798 27 1795 24 
2 4 1796 24 1792 53 1799 82 1795 56 
96 1 1793 7 
1 7 1801 36 1797 33 1794 62 1800 91 1796 42 1799 100 1802 25 
96 3 1800 100 1797 96 1803 25 
96 3 1804 25 1801 54 1797 51 
45 4 1798 51 1805 80 1802 76 1801 54 
49 1 1799 5 
53 5 1807 34 1803 31 1800 60 1806 89 1799 14 
1 9 1804 85 1800 14 1807 43 1803 40 1806 97 1802 26 1805 84 1808 9 1801 12 
54 7 1803 58 1809 86 1806 15 1802 12 1805 70 1808 95 1801 21 
2 1 1809 95 
52 8 1807 24 1803 21 1810 50 1806 24 1809 81 1805 10 1808 67 1811 93 
5 8 1806 87 1809 45 1812 70 1805 96 1808 54 1811 79 1804 82 1807 40 
59 4 1812 34 1809 62 1805 59 1808 17 
13 1 1806 36 
18 5 1813 65 1810 62 1809 94 1812 51 1815 77 
59 6 1810 48 1816 77 1813 6 1809 80 1812 37 1815 63 
61 5 1817 86 1813 15 1810 11 1816 40 1809 66 
64 2 1814 69 1810 66 
64 2 1815 46 1811 43 
18 6 1815 24 1812 20 1818 49 1814 10 1817 35 1820 61 
14 3 1815 32 1821 61 1818 90 
72 5 1819 90 1816 87 1822 15 1815 41 1818 99 
20 7 1823 70 1819 99 1816 95 1822 24 1815 50 1818 7 1821 33 
17 2 1819 7 1816 4 
26 1 1820 85 
22 6 1818 81 1824 10 1821 39 1820 94 1823 19 1826 45 
68 1 1821 48 
77 1 1828 45 
68 1 1826 74 
27 1 1824 2 
17 2 1831 99 1828 28 
67 4 1832 76 1828 5 1825 2 1831 31 
48 9 1829 82 1826 79 1832 8 1825 34 1828 91 1831 17 1827 77 1830 3 1833 6 
76 6 1828 32 1831 58 1834 83 1827 41 1830 66 1833 92 
78 4 1834 15 1831 44 1828 72 1827 50 
27 5 1835 69 1832 98 1828 95 1831 52 1834 78 
80 3 1829 49 1835 78 1832 7 
38 3 1833 7 1836 33 1832 61 
78 4 1833 61 1836 87 1839 90 1832 47 
80 3 1840 67 1837 96 1833 25 
31 3 1834 25 1841 22 1837 50 
21 2 1838 50 1835 79 
42 1 1839 28 
37 7 1837 56 1843 53 1840 82 1836 11 1839 36 1842 62 1838 45 
33 3 1840 68 1839 45 1842 71 
82 4 1843 71 1840 100 1846 74 1839 31 
34 1 1847 51 
39 7 1845 80 1841 9 1848 5 1844 34 1847 60 1840 17 1843 43 
85 1 1841 17 
28 5 1849 14 1845 43 1842 72 1848 46 1844 29 
87 1 1849 100 
96 1 1846 29 
87 1 1847 6 
41 6 1848 84 1851 9 1854 35 1847 93 1850 18 1853 44 
41 8 1855 67 1851 95 1848 24 1854 21 1847 79 1850 4 1853 30 1849 13 
41 8 1854 7 1851 36 1850 13 1853 16 1856 74 1849 99 1852 25 1855 28 
96 6 1850 54 1857 82 1853 79 1856 5 1849 63 1852 88 
48 4 1853 11 1850 40 1857 37 1856 14 
97 5 1854 65 1851 94 1857 91 1853 97 1856 100 
99 3 1854 51 1857 77 1860 35 
49 1 1861 35 
49 1 1859 32 
93 1 1856 60 
51 1 1864 89 
10 1 1861 86 
1 2 1859 15 1865 44 
50 3 1860 92 1866 21 1863 18 
95 9 1864 18 1860 46 1867 75 1863 72 1866 98 1862 81 1865 84 1868 41 1861 67 
52 3 1863 13 1869 41 1866 38 
61 3 1867 38 1863 67 1870 96 
10 3 1871 96 1868 93 1864 21 
60 4 1865 21 1872 50 1868 47 1871 5 
58 7 1869 24 1865 53 1872 82 1868 79 1871 14 1867 65 1870 68 
8 8 1868 42 1871 68 1874 25 1867 51 1870 54 1873 11 1866 37 1869 40 
11 7 1874 66 1871 63 1867 91 1870 17 1873 75 1869 49 1872 84 
62 6 1870 26 1873 84 1876 9 1869 35 1872 38 1875 95 
13 6 1877 18 1873 15 1870 44 1876 73 1869 98 1872 24 
66 4 1874 47 1870 75 1877 4 1873 1 
31 8 1871 53 1877 81 1874 78 1873 10 1876 68 1879 93 1872 19 1875 54 
18 3 1880 48 1877 76 1873 73 
23 7 1874 73 1881 2 1877 31 1880 56 1873 82 1876 8 1879 65 
69 3 1877 8 1874 37 1880 65 
69 3 1881 65 1878 62 1877 94 
22 1 1878 94 
22 1 1879 71 
76 7 1880 48 1886 77 1883 6 1879 80 1882 38 1885 63 1878 89 
71 3 1886 63 1883 92 1879 89 
71 3 1880 89 1887 18 1884 46 
20 4 1885 46 1881 43 1888 72 1884 1 
28 5 1882 20 1888 49 1885 78 1884 78 1887 35 
44 4 1885 55 1888 13 1891 38 1884 64 
78 8 1892 15 1889 44 1885 41 1888 99 1891 24 1884 50 1887 8 1890 33 
78 9 1885 27 1892 56 1888 85 1891 10 1887 94 1890 19 1893 45 1886 48 1889 5 
81 7 1891 51 1887 48 1894 77 1890 5 1893 31 1886 34 1889 91 
83 5 1887 34 1894 63 1890 91 1893 17 1889 78 
85 4 1894 49 1890 78 1893 3 1896 29 
83 7 1894 80 1891 9 1897 6 1890 64 1893 89 1896 15 1889 18 
88 3 1897 92 1894 21 1890 18 
88 3 1891 18 1898 47 1894 75 
37 4 1895 75 1892 72 1898 1 1894 61 
39 2 1895 61 1898 87 
88 3 1896 16 1902 13 1899 42 
96 6 1900 42 1897 70 1903 67 1896 25 1899 50 1902 76 
93 9 1903 99 1900 28 1897 56 1896 34 1899 59 1902 85 1898 45 1901 71 1904 74 
46 8 1899 100 1902 25 1905 51 1898 9 1901 34 1904 60 1897 18 1900 43 
46 8 1905 37 1902 66 1898 95 1901 20 1904 46 1900 29 1903 55 1906 58 
100 7 1901 84 1904 9 1907 35 1900 93 1903 18 1906 44 1899 1 
51 6 1907 44 1904 73 1900 1 1903 27 1906 53 1902 13 
2 5 1904 36 1903 13 1906 39 1909 42 1902 99 
4 4 1907 70 1903 99 1910 96 1906 25 
53 7 1904 77 1911 73 1907 2 1910 28 1903 85 1906 11 1909 14 
58 2 1907 88 1904 17 
67 2 1908 65 1905 94 
53 7 1909 43 1912 68 1908 97 1911 23 1914 58 1907 83 1910 9 
8 3 1908 83 1915 12 1911 9 
8 3 1912 9 1909 38 1916 66 
57 6 1917 66 1913 63 1910 92 1916 89 1909 47 1912 72 
63 8 1913 95 1910 24 1917 21 1916 98 1912 81 1915 84 1918 41 1911 67 
13 1 1916 61 
68 4 1914 90 1920 19 1917 16 1913 44 
67 7 1921 96 1917 93 1914 22 1920 28 1913 53 1916 79 1919 82 
67 7 1917 56 1914 85 1920 82 1916 65 1919 68 1922 25 1915 51 
67 9 1923 25 1920 22 1916 51 1919 77 1922 12 1915 37 1918 63 1921 98 1917 49 
20 7 1919 94 1922 52 1918 49 1921 52 1924 9 1917 35 1920 38 
25 3 1918 12 1925 41 1921 38 
25 3 1922 38 1919 67 1925 95 
74 3 1926 95 1923 92 1919 21 
23 4 1920 21 1927 50 1923 47 1926 82 
76 2 1924 1 1921 30 
71 8 1925 78 1928 36 1924 33 1927 68 1930 93 1923 19 1926 22 1929 79 
28 2 1924 73 1931 2 
74 5 1925 51 1931 79 1928 76 1924 5 1927 8 
41 0 
57 8 1926 59 1933 88 1929 85 1932 43 1928 17 1931 52 1934 77 1927 3 
30 2 1932 29 1929 26 
44 6 1933 6 1929 3 1936 32 1932 38 1935 63 1928 89 
32 1 1930 12 
46 4 1937 40 1934 37 1930 66 1933 92 
35 8 1931 43 1938 72 1934 69 1937 27 1933 78 1936 35 1939 61 1932 87 
85 9 1937 13 1934 9 1940 38 1933 64 1936 22 1939 47 1932 73 1935 8 1938 33 
39 7 1940 79 1936 8 1933 4 1939 33 1935 62 1938 19 1941 45 
90 6 1939 19 1936 16 1942 45 1935 48 1938 5 1941 31 
91 5 1943 54 1939 83 1936 79 1942 8 1935 34 
95 2 1940 37 1936 34 
95 2 1941 14 1937 11 
48 9 1941 92 1938 88 1944 17 1940 78 1943 3 1946 29 1939 32 1942 89 1945 15 
46 3 1947 61 1943 89 1940 86 
55 3 1941 86 1947 15 1944 44 
4 4 1945 44 1941 41 1948 69 1944 75 
98 1 1942 95 
3 5 1950 24 1946 53 1943 49 1949 78 1945 62 
28 9 1950 33 1946 62 1949 87 1952 13 1945 48 1948 73 1951 99 1944 2 1947 59 
75 2 1949 5 1945 2 
3 7 1950 82 1946 79 1953 8 1949 37 1952 62 1948 45 1951 71 
3 9 1949 45 1952 71 1955 97 1948 32 1951 57 1954 83 1947 18 1950 43 1953 69 
56 7 1955 14 1951 43 1948 40 1954 69 1950 29 1953 55 1956 81 
7 8 1954 55 1951 84 1957 81 1950 15 1953 41 1956 67 1949 2 1952 27 
61 5 1957 21 1954 50 1950 79 1953 4 1956 30 
64 2 1951 33 1957 30 
64 2 1952 10 1958 7 
18 6 1956 36 1955 13 1958 39 1961 42 1954 99 1957 25 
14 4 1959 48 1955 77 1962 73 1958 2 
68 9 1956 54 1962 51 1959 79 1955 85 1958 11 1961 37 1957 97 1960 23 1963 58 
70 9 1958 52 1961 77 1964 3 1957 61 1960 86 1963 12 1956 69 1959 95 1962 21 
19 2 1964 66 1960 95 
70 9 1965 43 1961 72 1958 1 1964 98 1960 81 1963 7 1966 42 1959 67 1962 93 
23 9 1964 38 1960 67 1967 96 1963 93 1966 96 1959 53 1962 79 1965 82 1961 65 
26 6 1963 11 1966 36 1962 65 1965 91 1968 25 1961 51 
28 7 1963 74 1969 3 1966 100 1962 28 1965 54 1968 12 1961 37 
30 5 1969 12 1966 8 1962 37 1965 63 1968 66 
82 3 1963 69 1969 66 1966 95 
41 4 1967 95 1970 20 1966 49 1969 75 
30 5 1967 26 1970 52 1973 9 1966 35 1969 61 
31 4 1974 64 1970 61 1967 89 1973 96 
35 1 1971 15 
39 7 1969 44 1975 73 1972 70 1968 98 1971 24 1974 82 1970 33 
35 3 1972 56 1971 33 1975 58 
84 4 1976 58 1972 87 1975 13 1978 71 
41 6 1976 90 1972 19 1979 48 1975 45 1978 79 1971 5 
34 7 1973 28 1979 57 1976 53 1972 82 1975 8 1978 66 1974 17 
3 8 1976 40 1975 17 1979 74 1978 52 1981 77 1974 3 1977 6 1980 63 
43 8 1975 57 1982 86 1978 83 1981 41 1974 66 1977 92 1980 49 1976 1 
44 8 1981 27 1978 23 1977 1 1980 36 1983 61 1976 87 1979 22 1982 47 
98 4 1977 41 1984 70 1980 99 1983 24 
52 1 1981 76 
56 5 1978 73 1985 2 1982 98 1981 76 1984 33 
99 5 1979 5 1985 33 1982 30 1981 85 1984 19 
1 4 1982 39 1985 97 1988 22 1981 48 
54 1 1989 100 
58 5 1987 28 1983 25 1990 54 1986 83 1989 8 
6 9 1984 80 1990 8 1987 37 1983 34 1986 92 1989 17 1985 46 1988 3 1991 29 
5 3 1986 23 1989 81 1992 6 
59 7 1993 6 1990 35 1986 32 1989 89 1992 15 1985 41 1988 76 
59 9 1986 18 1993 47 1989 76 1992 1 1988 62 1991 87 1994 13 1987 39 1990 73 
12 7 1992 19 1988 16 1995 45 1991 73 1994 99 1987 25 1990 59 
13 5 1988 2 1995 31 1991 59 1994 85 1990 46 
15 6 1995 17 1991 46 1994 71 1997 97 1990 32 1993 57 
66 5 1995 80 1991 9 1998 6 1994 34 1997 60 
69 3 1992 31 1998 60 1995 89 
28 3 1996 89 1992 86 1999 15 
77 4 2000 15 1996 43 1993 40 1999 69 
17 5 1997 21 1994 17 2000 46 1996 29 1999 55 
19 5 1997 7 2000 32 2003 58 1996 16 1999 41 
20 4 2004 12 2000 41 1997 70 2003 67 
70 4 2001 18 1998 47 2004 44 1997 2 
73 2 2005 21 2002 50 
68 6 2006 98 2002 27 1999 24 2005 53 2001 13 2004 39 
73 2 2006 62 2002 91 
78 7 2006 39 2003 68 2009 65 2002 99 2005 25 2008 51 2001 86 
27 8 2009 28 2006 57 2002 86 2005 11 2008 37 2004 97 2007 23 2010 49 
77 1 2005 75 
32 4 2006 52 2012 49 2009 77 2005 83 
80 8 2013 3 2010 32 2006 61 2009 86 2012 12 2005 69 2008 95 2011 21 
66 9 2006 47 2013 44 2009 72 2012 98 2008 81 2011 7 2014 42 2007 67 2010 93 
83 7 2012 38 2008 67 2015 64 2011 93 2014 19 2007 53 2010 79 
85 5 2008 53 2015 50 2011 79 2014 5 2010 65 
87 4 2015 36 2011 65 2014 91 2017 26 
39 2 2015 45 2012 74 
35 8 2016 22 2012 51 2019 80 2015 77 2018 80 2011 37 2014 63 2017 89 
89 5 2012 15 2019 11 2015 40 2018 66 2014 49 
41 2 2019 20 2015 49 
41 2 2020 97 2016 26 
95 9 2020 75 2017 3 2023 9 2016 35 2019 61 2022 96 2015 21 2018 47 2021 4 
43 3 2023 50 2019 47 2016 76 
53 3 2017 76 2023 4 2020 1 
2 3 2021 1 2018 30 2024 27 
51 4 2025 27 2022 56 2021 33 2024 59 
45 2 2022 10 2025 36 
99 6 2023 65 2029 93 2026 90 2022 19 2025 45 2028 80 
50 7 2030 2 2026 99 2023 28 2029 57 2022 82 2025 8 2028 66 
52 6 2026 8 2023 37 2029 66 2025 17 2028 42 2031 77 
2 5 2026 49 2032 77 2029 74 2025 3 2028 29 
1 9 2033 32 2029 29 2026 57 2032 63 2025 89 2028 15 2031 50 2027 1 2030 36 
8 3 2032 81 2028 78 2031 36 
8 3 2032 36 2029 32 2035 61 
57 4 2036 61 2033 90 2029 87 2032 12 
55 5 2030 64 2037 93 2033 90 2036 47 2029 73 
8 3 2034 44 2030 73 2037 2 
66 5 2038 2 2034 99 2031 27 2037 33 2033 85 
59 4 2038 88 2034 85 2037 20 2040 45 
11 2 2038 97 2035 94 
75 6 2039 74 2035 71 2042 100 2038 6 2041 31 2034 57 
62 1 2036 80 
76 7 2043 8 2040 37 2036 34 2039 60 2042 17 2038 69 2041 3 
16 8 2039 46 2042 3 2045 29 2038 55 2041 90 2044 15 2037 41 2040 76 
20 7 2045 70 2042 98 2038 95 2041 53 2044 78 2040 53 2043 87 
71 3 2039 30 2046 59 2043 87 
71 4 2041 87 2040 84 2046 13 2045 42 
21 3 2041 61 2043 39 2046 16 
58 2 2043 16 2044 45 
82 4 2044 93 2046 22 2045 99 2043 25 
61 2 2045 76 2044 5 
34 2 2045 82 2046 8 
37 1 2046 56 
56 0 
2 0 
