256
16 8 8 20 5 17 1 46 4 71 7 29 3 80 6 38 9 41 
4 1 4 35 
92 4 5 12 11 41 8 69 4 66 
54 2 12 18 9 47 
49 8 13 95 9 24 6 21 12 27 5 52 8 78 11 13 7 64 
6 2 12 90 9 87 
52 5 13 67 9 64 12 99 15 25 8 50 
12 7 13 53 9 50 16 79 12 8 15 11 8 36 11 94 
81 8 9 36 16 65 12 94 15 97 11 48 14 83 17 8 10 34 
62 9 15 60 12 57 18 86 11 11 14 69 17 95 10 20 13 78 16 81 
17 5 18 26 14 55 11 52 17 81 13 64 
15 6 18 35 14 64 17 67 20 92 13 18 16 53 
20 2 18 76 14 72 
57 8 18 53 15 50 21 78 14 4 17 39 20 65 16 48 19 51 
73 2 17 25 20 51 
73 2 18 79 24 76 
22 3 19 57 25 54 22 82 
73 5 23 82 19 79 26 8 22 37 25 62 
24 1 20 34 
65 1 27 62 
24 1 25 91 
14 2 22 88 29 17 
63 2 23 65 30 94 
17 9 24 42 31 71 27 100 30 26 26 32 29 35 32 60 25 18 28 21 
29 9 30 66 26 95 33 92 29 21 32 46 25 4 28 7 31 32 27 93 
32 6 29 38 32 64 28 93 31 19 34 44 27 2 
47 9 29 25 35 21 32 50 28 79 31 5 34 30 27 88 30 91 33 16 
34 7 35 62 31 91 28 20 34 16 30 77 33 2 36 28 
85 6 34 2 31 31 37 28 30 63 33 89 36 14 
87 5 38 37 34 66 31 95 37 91 30 49 
90 2 35 20 31 49 
90 2 36 97 32 26 
76 8 36 75 33 3 39 100 35 61 38 86 41 12 34 47 37 72 
92 2 42 66 39 95 
38 6 43 44 39 72 36 1 42 98 35 33 38 59 
93 1 40 81 
40 4 37 10 44 7 40 36 43 61 
97 8 41 13 44 39 40 45 43 70 46 28 39 31 42 56 45 82 
95 1 40 8 
83 5 48 5 44 34 41 62 47 59 40 17 
99 7 45 88 41 17 48 14 44 42 47 68 43 29 46 54 
99 9 44 29 47 54 50 12 43 15 46 40 49 98 42 1 45 26 48 52 
51 8 50 30 46 26 43 55 49 52 45 12 48 38 51 73 44 99 
6 5 49 93 46 21 52 50 45 76 48 1 
9 2 53 5 49 1 
9 2 53 82 50 79 
95 7 54 59 51 56 47 85 50 10 53 68 49 96 52 22 
8 3 50 96 53 22 56 57 
11 1 57 57 
11 1 55 54 
1 1 52 82 
60 1 60 11 
51 4 57 8 54 37 60 66 53 69 
62 2 61 20 58 17 
57 6 62 97 58 94 55 23 61 52 57 80 60 38 
62 2 62 61 58 57 
67 8 62 38 59 35 65 41 58 66 61 92 64 27 57 52 60 78 
65 9 65 4 62 1 58 30 61 55 64 13 60 64 63 22 66 25 59 50 
69 8 61 96 67 25 64 53 60 50 63 8 66 11 59 36 62 62 
20 7 67 88 64 85 60 14 63 39 66 97 62 48 65 6 
71 9 63 48 66 6 69 9 62 34 65 92 68 95 61 20 64 78 67 81 
77 3 69 26 65 55 62 52 
19 3 63 52 69 81 66 78 
68 3 67 78 70 35 66 32 
76 4 67 32 71 90 70 67 73 92 
28 2 71 44 68 41 
24 8 72 21 68 18 75 47 71 76 74 79 67 4 70 62 73 65 
32 9 68 59 75 87 71 16 74 42 70 48 73 51 76 76 69 2 72 37 
35 8 74 82 70 79 77 8 73 37 76 62 69 88 72 46 75 49 
86 8 70 43 77 71 73 100 76 26 72 32 75 35 78 60 71 18 
12 5 76 12 73 41 79 38 72 63 75 21 
89 7 80 92 76 21 73 18 79 46 72 72 75 30 78 32 
40 6 76 7 73 4 79 32 75 16 78 19 81 44 
91 5 76 47 82 44 79 73 75 2 78 5 
44 3 83 76 79 5 76 34 
34 4 77 34 83 30 80 59 76 88 
42 7 84 8 81 36 77 33 80 91 83 16 79 100 82 3 
97 3 80 77 83 3 86 28 
46 4 87 28 84 57 80 86 83 89 
98 2 81 40 88 37 
94 6 82 17 88 14 85 43 81 72 84 75 87 100 
49 1 89 23 
95 6 86 52 83 81 89 78 85 61 88 86 91 12 
100 2 86 15 92 12 
100 2 87 92 93 89 
54 7 87 70 94 66 91 95 90 73 93 98 86 56 89 59 
54 9 87 33 94 30 90 59 93 84 89 45 92 70 95 96 88 31 91 56 
7 6 93 2 89 31 96 28 92 56 95 82 88 40 
31 4 90 62 96 59 93 88 89 17 
59 4 97 36 94 65 90 94 93 20 
63 1 91 71 
99 7 98 68 95 97 94 29 97 54 100 12 93 15 96 40 
61 5 94 15 101 44 97 40 100 66 93 1 
14 3 98 72 94 1 101 98 
4 3 102 98 98 26 95 55 
54 4 96 55 102 52 99 81 98 13 
65 2 99 13 102 38 
14 5 100 67 106 96 103 93 99 99 102 24 
16 3 107 27 103 24 100 53 
6 4 101 53 107 82 104 79 100 85 
68 1 108 36 
5 5 106 33 102 62 109 59 105 88 108 13 
21 9 103 16 109 13 106 42 105 96 108 22 111 80 104 83 107 8 110 66 
19 2 112 11 108 8 
70 2 113 89 109 85 
24 6 113 66 110 63 107 91 106 69 109 94 112 52 
21 1 114 75 
67 4 111 71 108 100 114 29 110 80 
73 9 111 80 114 6 117 64 110 66 113 92 116 50 109 53 112 78 115 36 
75 9 117 81 113 78 110 7 116 36 112 64 115 22 118 25 111 50 114 76 
79 6 116 22 112 50 119 79 115 76 118 34 111 36 
31 4 113 59 119 88 116 85 112 14 
85 1 120 65 
22 5 117 62 114 91 120 20 116 48 119 6 
31 4 117 25 120 83 123 9 116 34 
84 2 124 86 121 15 
79 8 125 63 121 92 118 89 124 95 117 20 120 46 123 4 119 32 
37 2 124 58 121 55 
83 5 125 35 121 32 124 90 127 93 120 18 
38 1 125 21 
22 9 122 18 129 47 125 76 128 79 121 4 124 62 127 65 123 16 126 74 
40 1 128 19 
70 1 125 16 
31 0 
37 3 127 93 130 51 133 76 
43 8 134 76 131 5 127 2 130 60 133 63 126 88 129 46 132 49 
47 5 127 43 134 71 130 100 133 26 129 32 
45 7 134 3 130 32 133 35 136 60 129 86 132 44 135 46 
100 5 133 21 130 18 136 46 129 72 132 30 
98 7 137 1 133 30 130 27 136 33 132 16 135 19 138 44 
52 3 136 19 133 47 139 44 
52 3 140 44 137 73 133 2 
1 4 134 2 141 99 137 28 140 30 
54 2 138 82 135 79 
49 8 139 59 135 56 142 85 138 14 141 16 137 100 140 3 143 28 
7 1 138 54 
94 5 139 31 145 28 142 57 138 86 141 89 
59 9 146 60 142 89 139 18 145 14 138 72 141 98 144 100 140 84 143 87 
12 7 145 32 141 61 144 87 147 12 140 70 143 73 146 98 
63 8 144 73 141 1 147 98 140 56 143 59 146 84 142 68 145 70 
66 6 143 45 146 70 149 96 142 54 145 57 148 82 
17 5 150 5 146 34 143 63 149 59 142 17 
20 2 147 88 143 17 
20 2 148 65 144 94 
6 9 148 43 145 71 151 68 147 29 150 54 153 80 146 38 149 40 152 66 
71 3 154 12 150 40 147 69 
13 3 148 69 154 66 151 95 
62 4 152 95 148 24 155 20 151 27 
24 1 149 78 
61 7 157 75 153 4 150 33 156 29 152 13 155 38 158 96 
24 3 156 38 153 67 159 96 
24 3 160 96 157 93 154 21 
73 4 155 21 161 50 158 47 154 76 
81 5 162 28 158 24 155 53 161 50 154 8 
75 2 159 79 155 8 
75 2 160 56 156 85 
29 9 161 33 157 62 164 59 160 88 163 13 159 97 162 22 165 80 158 83 
82 7 160 28 166 57 163 54 159 83 162 8 165 66 158 69 
83 5 166 43 163 40 159 69 162 94 165 20 
82 9 160 23 166 20 163 49 162 80 165 6 168 64 161 67 164 92 167 50 
34 6 169 95 165 92 162 21 168 50 161 53 164 78 
87 4 166 1 162 30 169 59 165 55 
41 1 163 7 
78 5 170 36 167 33 166 64 169 90 172 48 
87 6 167 19 173 48 170 44 166 50 169 76 172 34 
89 5 174 56 170 53 167 82 173 11 166 37 
92 2 171 8 167 37 
92 2 172 85 168 14 
46 7 172 62 169 91 175 20 171 48 174 6 177 32 170 34 
49 4 178 9 175 6 171 34 174 60 
94 3 172 12 179 40 175 37 
48 7 176 37 173 66 179 95 172 20 175 46 178 4 174 32 
97 6 176 55 175 32 178 90 181 93 174 18 177 76 
48 9 179 99 175 96 182 24 178 53 181 79 174 4 177 30 180 88 176 16 
52 8 178 62 181 19 177 16 180 74 183 77 176 2 179 60 182 63 
6 5 177 57 184 85 180 14 183 40 176 66 
9 2 181 69 177 66 
9 2 181 46 178 43 
95 6 182 23 179 20 185 49 181 100 184 58 187 60 
59 2 182 32 188 60 
59 2 183 9 189 38 
13 9 183 86 190 15 186 44 189 47 182 72 185 30 188 33 184 16 187 42 
10 4 189 87 185 16 188 42 191 44 
13 1 189 96 
18 7 187 93 193 22 190 50 186 47 189 5 192 30 185 56 
36 3 193 30 190 59 186 56 
36 3 187 56 194 85 190 14 
13 3 191 14 188 11 195 39 
62 3 196 39 192 68 189 65 
12 4 190 65 196 94 193 23 192 100 
15 1 193 100 
15 1 194 77 
69 6 195 54 198 80 201 6 194 31 197 89 200 14 
69 8 202 37 198 66 195 63 201 92 194 17 197 75 200 1 196 84 
69 8 201 78 198 7 197 84 200 87 203 12 196 70 199 95 202 98 
23 6 197 24 204 21 200 50 203 76 196 1 199 59 
76 4 200 82 197 78 204 7 203 84 
25 5 201 36 198 33 204 62 200 68 203 71 
27 3 201 22 204 48 207 73 
30 1 208 73 
30 1 206 2 
21 1 203 31 
79 1 211 28 
70 2 208 57 205 85 
19 2 209 34 206 63 
73 9 210 11 206 40 213 37 209 65 212 68 208 52 211 54 214 80 207 38 
80 3 209 83 215 80 212 9 
21 3 213 9 209 38 216 34 
70 3 217 34 214 63 210 92 
88 4 211 92 218 89 214 18 217 43 
86 7 215 95 211 24 218 21 214 27 217 52 213 35 216 38 
36 8 214 13 217 38 220 64 213 22 216 24 219 50 212 8 215 11 
39 7 220 4 217 33 213 62 216 88 219 13 215 97 218 22 
90 7 216 97 219 22 222 80 215 5 218 8 221 34 214 92 
90 8 222 34 219 63 215 92 218 94 221 20 217 81 220 6 223 64 
94 6 218 58 221 83 224 41 217 67 220 92 223 50 
95 4 225 73 221 69 218 98 224 27 
49 1 222 47 
86 5 219 76 226 4 223 1 222 78 225 4 
97 3 220 7 226 4 223 33 
88 3 224 33 227 58 223 64 
49 1 224 64 
49 1 225 42 
3 7 226 19 232 48 229 45 225 51 228 76 231 34 224 59 
99 3 232 34 229 31 225 59 
99 3 226 59 233 88 230 85 
48 4 231 85 227 14 234 43 230 39 
56 7 228 91 234 20 231 17 230 48 233 74 236 32 229 34 
6 8 237 9 234 6 230 34 233 60 236 18 229 21 232 46 235 4 
100 5 230 98 237 27 233 23 236 81 232 32 
58 7 237 35 233 32 236 90 239 16 232 18 235 44 238 2 
58 7 236 44 233 73 239 2 232 4 235 30 238 88 234 16 
13 6 236 39 235 16 238 74 241 99 234 2 237 60 
64 5 239 83 235 80 242 8 238 37 241 63 
67 2 236 34 242 63 
67 2 237 11 243 40 
21 7 237 88 244 17 240 14 243 72 239 100 242 58 245 61 
33 8 243 35 240 32 246 61 239 86 242 44 245 69 238 72 241 30 
20 2 246 24 243 53 
66 6 247 1 243 30 240 27 246 56 242 84 245 42 
71 1 247 64 
17 7 244 61 247 19 250 44 243 70 246 28 249 31 242 56 
25 8 250 31 247 59 243 56 246 14 249 39 245 100 248 26 251 28 
28 7 246 22 249 80 252 6 245 31 248 89 251 14 244 40 
79 6 252 14 249 43 245 40 248 98 251 1 247 84 
30 5 249 7 248 84 251 9 254 12 247 70 
32 7 249 41 250 18 247 47 254 44 251 73 252 50 253 27 
87 2 253 70 251 98 
84 6 252 47 251 76 254 53 253 82 249 59 250 87 
89 4 251 10 252 39 250 16 253 93 
7 3 253 45 251 71 254 96 
37 2 254 96 253 25 
28 2 253 73 254 2 
81 1 254 51 
25 0 
51 0 
