32
68 4 8 20 5 17 1 46 4 71 
4 1 2 23 
41 5 10 52 6 49 3 77 9 6 5 80 
52 3 10 83 6 80 9 38 
1 4 10 38 7 35 13 41 6 66 
54 2 14 18 11 47 
49 8 15 95 11 24 8 21 14 27 7 52 10 78 13 13 9 64 
6 2 14 90 11 87 
52 5 15 67 11 64 14 99 17 25 10 50 
12 7 15 53 11 50 18 79 14 8 17 11 10 36 13 94 
81 8 11 36 18 65 14 94 17 97 13 48 16 83 19 8 12 34 
62 9 17 60 14 57 20 86 13 11 16 69 19 95 12 20 15 78 18 81 
17 5 20 26 16 55 13 52 19 81 15 64 
15 6 20 35 16 64 19 67 22 92 15 18 18 53 
20 2 20 76 16 72 
57 8 20 53 17 50 23 78 16 4 19 39 22 65 18 48 21 51 
73 2 19 25 22 51 
73 2 20 79 26 76 
22 3 21 57 27 54 24 82 
73 5 25 82 21 79 28 8 24 37 27 62 
24 1 22 34 
65 1 29 62 
24 1 29 91 
76 5 24 88 26 65 25 94 27 71 28 48 
25 2 27 20 26 48 
93 2 30 97 27 74 
75 1 30 55 
70 3 30 32 29 29 28 57 
64 0 
15 1 30 86 
25 0 
66 0 
