512
74 1 8 20 
38 8 6 17 2 46 9 74 5 71 8 29 4 80 7 38 10 41 
4 1 5 35 
92 4 6 12 12 41 9 69 5 66 
54 2 13 18 10 47 
49 8 14 95 10 24 7 21 13 27 6 52 9 78 12 13 8 64 
6 2 13 90 10 87 
52 5 14 67 10 64 13 99 16 25 9 50 
12 7 14 53 10 50 17 79 13 8 16 11 9 36 12 94 
81 8 10 36 17 65 13 94 16 97 12 48 15 83 18 8 11 34 
62 9 16 60 13 57 19 86 12 11 15 69 18 95 11 20 14 78 17 81 
17 5 19 26 15 55 12 52 18 81 14 64 
15 6 19 35 15 64 18 67 21 92 14 18 17 53 
20 2 19 76 15 72 
57 8 19 53 16 50 22 78 15 4 18 39 21 65 17 48 20 51 
73 2 18 25 21 51 
73 2 19 79 25 76 
22 3 20 57 26 54 23 82 
73 5 24 82 20 79 27 8 23 37 26 62 
24 1 21 34 
65 1 28 62 
24 1 26 91 
14 2 23 88 30 17 
63 2 24 65 31 94 
17 9 25 42 32 71 28 100 31 26 27 32 30 35 33 60 26 18 29 21 
29 9 31 66 27 95 34 92 30 21 33 46 26 4 29 7 32 32 28 93 
32 6 30 38 33 64 29 93 32 19 35 44 28 2 
47 9 30 25 36 21 33 50 29 79 32 5 35 30 28 88 31 91 34 16 
34 7 36 62 32 91 29 20 35 16 31 77 34 2 37 28 
85 6 35 2 32 31 38 28 31 63 34 89 37 14 
87 5 39 37 35 66 32 95 38 91 31 49 
90 2 36 20 32 49 
90 2 37 97 33 26 
76 8 37 75 34 3 40 100 36 61 39 86 42 12 35 47 38 72 
92 2 43 66 40 95 
38 6 44 44 40 72 37 1 43 98 36 33 39 59 
93 1 41 81 
40 4 38 10 45 7 41 36 44 61 
97 8 42 13 45 39 41 45 44 70 47 28 40 31 43 56 46 82 
95 1 41 8 
83 5 49 5 45 34 42 62 48 59 41 17 
99 7 46 88 42 17 49 14 45 42 48 68 44 29 47 54 
99 9 45 29 48 54 51 12 44 15 47 40 50 98 43 1 46 26 49 52 
51 8 51 30 47 26 44 55 50 52 46 12 49 38 52 73 45 99 
6 5 50 93 47 21 53 50 46 76 49 1 
9 2 54 5 50 1 
9 2 54 82 51 79 
95 7 55 59 52 56 48 85 51 10 54 68 50 96 53 22 
8 3 51 96 54 22 57 57 
11 1 58 57 
11 1 56 54 
1 1 53 82 
60 1 61 11 
51 4 58 8 55 37 61 66 54 69 
62 2 62 20 59 17 
57 6 63 97 59 94 56 23 62 52 58 80 61 38 
62 2 63 61 59 57 
67 8 63 38 60 35 66 41 59 66 62 92 65 27 58 52 61 78 
65 9 66 4 63 1 59 30 62 55 65 13 61 64 64 22 67 25 60 50 
69 8 62 96 68 25 65 53 61 50 64 8 67 11 60 36 63 62 
20 7 68 88 65 85 61 14 64 39 67 97 63 48 66 6 
71 9 64 48 67 6 70 9 63 34 66 92 69 95 62 20 65 78 68 81 
77 3 70 26 66 55 63 52 
19 3 64 52 70 81 67 78 
68 3 68 78 71 35 67 32 
76 4 68 32 72 90 71 67 74 92 
28 2 72 44 69 41 
24 8 73 21 69 18 76 47 72 76 75 79 68 4 71 62 74 65 
32 9 69 59 76 87 72 16 75 42 71 48 74 51 77 76 70 2 73 37 
35 8 75 82 71 79 78 8 74 37 77 62 70 88 73 46 76 49 
86 8 71 43 78 71 74 100 77 26 73 32 76 35 79 60 72 18 
12 5 77 12 74 41 80 38 73 63 76 21 
89 7 81 92 77 21 74 18 80 46 73 72 76 30 79 32 
40 6 77 7 74 4 80 32 76 16 79 19 82 44 
91 5 77 47 83 44 80 73 76 2 79 5 
44 3 84 76 80 5 77 34 
34 4 78 34 84 30 81 59 77 88 
42 7 85 8 82 36 78 33 81 91 84 16 80 100 83 3 
97 3 81 77 84 3 87 28 
46 4 88 28 85 57 81 86 84 89 
98 2 82 40 89 37 
94 6 83 17 89 14 86 43 82 72 85 75 88 100 
49 1 90 23 
95 6 87 52 84 81 90 78 86 61 89 86 92 12 
100 2 87 15 93 12 
100 2 88 92 94 89 
54 7 88 70 95 66 92 95 91 73 94 98 87 56 90 59 
54 9 88 33 95 30 91 59 94 84 90 45 93 70 96 96 89 31 92 56 
7 6 94 2 90 31 97 28 93 56 96 82 89 40 
31 4 91 62 97 59 94 88 90 17 
59 4 98 36 95 65 91 94 94 20 
63 1 92 71 
99 7 99 68 96 97 95 29 98 54 101 12 94 15 97 40 
61 5 95 15 102 44 98 40 101 66 94 1 
14 3 99 72 95 1 102 98 
4 3 103 98 99 26 96 55 
54 4 97 55 103 52 100 81 99 13 
65 2 100 13 103 38 
14 5 101 67 107 96 104 93 100 99 103 24 
16 3 108 27 104 24 101 53 
6 4 102 53 108 82 105 79 101 85 
68 1 109 36 
5 5 107 33 103 62 110 59 106 88 109 13 
21 9 104 16 110 13 107 42 106 96 109 22 112 80 105 83 108 8 111 66 
19 2 113 11 109 8 
70 2 114 89 110 85 
24 6 114 66 111 63 108 91 107 69 110 94 113 52 
21 1 115 75 
67 4 112 71 109 100 115 29 111 80 
73 9 112 80 115 6 118 64 111 66 114 92 117 50 110 53 113 78 116 36 
75 9 118 81 114 78 111 7 117 36 113 64 116 22 119 25 112 50 115 76 
79 6 117 22 113 50 120 79 116 76 119 34 112 36 
31 4 114 59 120 88 117 85 113 14 
85 1 121 65 
22 5 118 62 115 91 121 20 117 48 120 6 
31 4 118 25 121 83 124 9 117 34 
84 2 125 86 122 15 
79 8 126 63 122 92 119 89 125 95 118 20 121 46 124 4 120 32 
37 2 125 58 122 55 
83 5 126 35 122 32 125 90 128 93 121 18 
38 1 126 21 
22 9 123 18 130 47 126 76 129 79 122 4 125 62 128 65 124 16 127 74 
40 1 129 19 
70 1 126 16 
31 0 
37 3 128 93 131 51 134 76 
43 8 135 76 132 5 128 2 131 60 134 63 127 88 130 46 133 49 
47 5 128 43 135 71 131 100 134 26 130 32 
45 7 135 3 131 32 134 35 137 60 130 86 133 44 136 46 
100 5 134 21 131 18 137 46 130 72 133 30 
98 7 138 1 134 30 131 27 137 33 133 16 136 19 139 44 
52 3 137 19 134 47 140 44 
52 3 141 44 138 73 134 2 
1 4 135 2 142 99 138 28 141 30 
54 2 139 82 136 79 
49 8 140 59 136 56 143 85 139 14 142 16 138 100 141 3 144 28 
7 1 139 54 
94 5 140 31 146 28 143 57 139 86 142 89 
59 9 147 60 143 89 140 18 146 14 139 72 142 98 145 100 141 84 144 87 
12 7 146 32 142 61 145 87 148 12 141 70 144 73 147 98 
63 8 145 73 142 1 148 98 141 56 144 59 147 84 143 68 146 70 
66 6 144 45 147 70 150 96 143 54 146 57 149 82 
17 5 151 5 147 34 144 63 150 59 143 17 
20 2 148 88 144 17 
20 2 149 65 145 94 
6 9 149 43 146 71 152 68 148 29 151 54 154 80 147 38 150 40 153 66 
71 3 155 12 151 40 148 69 
13 3 149 69 155 66 152 95 
62 4 153 95 149 24 156 20 152 27 
24 1 150 78 
61 7 158 75 154 4 151 33 157 29 153 13 156 38 159 96 
24 3 157 38 154 67 160 96 
24 3 161 96 158 93 155 21 
73 4 156 21 162 50 159 47 155 76 
81 5 163 28 159 24 156 53 162 50 155 8 
75 2 160 79 156 8 
75 2 161 56 157 85 
29 9 162 33 158 62 165 59 161 88 164 13 160 97 163 22 166 80 159 83 
82 7 161 28 167 57 164 54 160 83 163 8 166 66 159 69 
83 5 167 43 164 40 160 69 163 94 166 20 
82 9 161 23 167 20 164 49 163 80 166 6 169 64 162 67 165 92 168 50 
34 6 170 95 166 92 163 21 169 50 162 53 165 78 
87 4 167 1 163 30 170 59 166 55 
41 1 164 7 
78 5 171 36 168 33 167 64 170 90 173 48 
87 6 168 19 174 48 171 44 167 50 170 76 173 34 
89 5 175 56 171 53 168 82 174 11 167 37 
92 2 172 8 168 37 
92 2 173 85 169 14 
46 7 173 62 170 91 176 20 172 48 175 6 178 32 171 34 
49 4 179 9 176 6 172 34 175 60 
94 3 173 12 180 40 176 37 
48 7 177 37 174 66 180 95 173 20 176 46 179 4 175 32 
97 6 177 55 176 32 179 90 182 93 175 18 178 76 
48 9 180 99 176 96 183 24 179 53 182 79 175 4 178 30 181 88 177 16 
52 8 179 62 182 19 178 16 181 74 184 77 177 2 180 60 183 63 
6 5 178 57 185 85 181 14 184 40 177 66 
9 2 182 69 178 66 
9 2 182 46 179 43 
95 6 183 23 180 20 186 49 182 100 185 58 188 60 
59 2 183 32 189 60 
59 2 184 9 190 38 
13 9 184 86 191 15 187 44 190 47 183 72 186 30 189 33 185 16 188 42 
10 4 190 87 186 16 189 42 192 44 
13 1 190 96 
18 7 188 93 194 22 191 50 187 47 190 5 193 30 186 56 
36 3 194 30 191 59 187 56 
36 3 188 56 195 85 191 14 
13 3 192 14 189 11 196 39 
62 3 197 39 193 68 190 65 
12 4 191 65 197 94 194 23 193 100 
15 1 194 100 
15 1 195 77 
69 6 196 54 199 80 202 6 195 31 198 89 201 14 
69 8 203 37 199 66 196 63 202 92 195 17 198 75 201 1 197 84 
69 8 202 78 199 7 198 84 201 87 204 12 197 70 200 95 203 98 
23 6 198 24 205 21 201 50 204 76 197 1 200 59 
76 4 201 82 198 78 205 7 204 84 
25 5 202 36 199 33 205 62 201 68 204 71 
27 3 202 22 205 48 208 73 
30 1 209 73 
30 1 207 2 
21 1 204 31 
79 1 212 28 
70 2 209 57 206 85 
19 2 210 34 207 63 
73 9 211 11 207 40 214 37 210 65 213 68 209 52 212 54 215 80 208 38 
80 3 210 83 216 80 213 9 
21 3 214 9 210 38 217 34 
70 3 218 34 215 63 211 92 
88 4 212 92 219 89 215 18 218 43 
86 7 216 95 212 24 219 21 215 27 218 52 214 35 217 38 
36 8 215 13 218 38 221 64 214 22 217 24 220 50 213 8 216 11 
39 7 221 4 218 33 214 62 217 88 220 13 216 97 219 22 
90 7 217 97 220 22 223 80 216 5 219 8 222 34 215 92 
90 8 223 34 220 63 216 92 219 94 222 20 218 81 221 6 224 64 
94 6 219 58 222 83 225 41 218 67 221 92 224 50 
95 4 226 73 222 69 219 98 225 27 
49 1 223 47 
86 5 220 76 227 4 224 1 223 78 226 4 
97 3 221 7 227 4 224 33 
88 3 225 33 228 58 224 64 
49 1 225 64 
49 1 226 42 
3 7 227 19 233 48 230 45 226 51 229 76 232 34 225 59 
99 3 233 34 230 31 226 59 
99 3 227 59 234 88 231 85 
48 4 232 85 228 14 235 43 231 39 
56 7 229 91 235 20 232 17 231 48 234 74 237 32 230 34 
6 8 238 9 235 6 231 34 234 60 237 18 230 21 233 46 236 4 
100 5 231 98 238 27 234 23 237 81 233 32 
58 7 238 35 234 32 237 90 240 16 233 18 236 44 239 2 
58 7 237 44 234 73 240 2 233 4 236 30 239 88 235 16 
13 6 237 39 236 16 239 74 242 99 235 2 238 60 
64 5 240 83 236 80 243 8 239 37 242 63 
67 2 237 34 243 63 
67 2 238 11 244 40 
21 7 238 88 245 17 241 14 244 72 240 100 243 58 246 61 
33 8 244 35 241 32 247 61 240 86 243 44 246 69 239 72 242 30 
20 2 247 24 244 53 
66 6 248 1 244 30 241 27 247 56 243 84 246 42 
71 1 248 64 
17 7 245 61 248 19 251 44 244 70 247 28 250 31 243 56 
25 8 251 31 248 59 244 56 247 14 250 39 246 100 249 26 252 28 
28 7 247 22 250 80 253 6 246 31 249 89 252 14 245 40 
79 6 253 14 250 43 246 40 249 98 252 1 248 84 
30 5 250 7 249 84 252 9 255 12 248 70 
32 6 253 41 249 70 256 67 252 96 255 98 248 24 
33 5 250 47 256 76 253 4 249 1 252 59 
37 2 257 30 253 59 
37 2 258 7 254 36 
91 6 258 85 255 13 254 68 257 93 260 96 253 54 
86 2 255 77 261 73 
91 8 255 54 262 51 258 79 261 82 254 40 257 66 260 68 256 52 
39 2 261 46 258 74 
85 6 262 23 258 52 261 55 264 80 257 38 260 63 
90 2 262 86 258 15 
94 7 262 63 259 92 266 89 265 66 258 24 261 49 264 52 
95 7 262 27 259 56 265 52 261 36 264 38 267 64 260 22 
95 9 268 64 265 93 261 22 264 25 267 50 260 8 263 33 266 36 262 19 
48 7 264 65 267 91 263 19 266 22 269 48 262 6 265 8 
52 3 263 83 270 80 266 8 
52 3 267 8 264 37 270 34 
2 4 271 34 268 63 264 92 267 95 
54 1 265 46 
59 7 273 43 269 72 266 1 272 97 268 3 271 6 274 64 
54 3 272 6 269 35 275 64 
54 3 276 64 273 61 269 90 
4 4 270 90 277 18 274 15 273 92 
7 1 271 44 
12 5 279 73 275 70 272 98 278 95 271 53 
59 9 276 24 272 53 279 50 275 78 278 4 274 65 277 90 280 48 273 73 
58 2 275 19 281 48 
9 2 276 96 282 25 
63 6 276 73 283 2 280 99 279 76 282 34 275 60 
60 1 277 82 
6 4 284 11 281 8 277 37 280 62 
63 8 278 14 285 11 281 40 284 65 280 48 283 74 286 32 279 57 
12 1 284 51 
68 4 282 80 288 9 285 6 281 35 
66 5 289 86 286 83 282 12 285 37 288 95 
19 3 283 66 289 95 286 92 
9 4 287 92 283 21 290 49 286 46 
17 7 284 98 291 27 287 23 290 81 286 32 289 58 292 16 
17 7 290 58 287 87 293 16 286 18 289 44 292 2 285 27 
68 6 293 2 290 99 286 27 289 30 292 88 288 16 
73 2 290 39 289 16 
73 2 294 97 290 93 
27 8 294 74 291 71 297 100 290 2 293 28 296 86 289 88 292 14 
26 1 297 40 
81 5 295 37 291 66 298 94 294 91 297 49 
29 9 292 20 298 49 295 46 294 100 297 58 300 83 293 86 296 44 299 70 
28 2 301 15 297 44 
79 1 302 92 
74 5 299 21 296 18 302 47 295 72 298 98 
84 9 303 1 299 98 296 27 302 56 298 84 301 42 304 67 297 70 300 28 
33 8 302 73 298 70 305 99 301 28 304 53 297 56 300 14 303 40 
84 9 298 34 305 62 301 91 304 17 300 68 303 26 306 28 299 54 302 12 
87 6 304 57 300 54 307 83 303 12 306 37 299 40 
40 4 301 63 307 92 304 21 300 17 
89 3 308 69 304 98 301 95 
80 5 302 95 308 23 305 52 304 84 307 10 
40 4 305 61 308 87 311 12 304 38 
93 2 312 90 309 18 
88 8 313 67 309 96 306 92 312 98 305 24 308 82 311 7 307 68 
45 2 312 62 309 91 
91 5 313 39 309 68 312 93 315 96 308 54 
55 6 313 25 309 54 316 51 312 80 315 82 308 8 
49 9 310 31 316 60 313 88 309 85 312 43 315 69 311 52 314 77 317 80 
52 8 312 6 315 32 318 57 311 15 314 41 317 66 310 24 313 50 
52 8 318 44 315 72 311 69 314 27 317 52 313 36 316 61 319 64 
6 4 314 90 317 16 320 41 313 99 
10 1 321 19 
14 7 318 47 315 76 322 73 321 50 314 8 317 33 320 36 
10 3 318 11 315 40 321 36 
10 3 322 36 319 65 318 20 
8 5 319 20 323 45 322 22 325 48 318 6 
10 3 323 77 319 6 326 2 
69 4 327 2 323 31 320 60 326 34 
62 1 324 86 
67 7 322 15 328 11 325 40 321 69 324 95 327 20 323 3 
63 3 325 26 324 3 328 29 
12 4 329 29 325 58 328 84 331 9 
69 8 329 61 325 90 332 86 328 92 331 18 324 76 327 1 330 4 
19 8 325 30 332 27 328 56 331 81 327 87 330 90 333 48 326 74 
90 8 331 67 328 96 334 25 327 51 330 76 333 2 326 60 329 62 
24 6 334 56 331 85 327 14 330 40 333 65 329 71 
71 8 331 94 330 71 334 97 333 74 336 32 329 57 332 60 335 18 
26 4 330 12 337 41 333 37 336 95 
80 1 334 15 
16 7 331 44 338 72 335 69 334 46 337 72 333 55 336 58 
29 4 334 32 337 58 340 16 333 41 
28 5 341 93 338 90 334 19 337 44 340 2 
80 3 335 73 341 2 338 99 
39 3 339 99 335 27 342 56 
88 4 343 56 340 53 336 82 339 7 
86 7 337 59 343 88 340 85 339 16 342 42 345 100 338 25 
82 3 346 100 343 96 339 25 
82 3 340 25 347 54 344 51 
31 4 345 51 341 80 348 8 344 5 
39 5 342 57 348 86 345 83 341 11 344 14 
87 9 349 17 345 14 342 43 348 72 344 100 347 58 350 84 343 86 346 12 
39 7 348 90 344 86 351 15 347 12 350 70 343 95 346 98 
41 8 344 72 351 1 347 98 350 56 346 84 349 42 352 67 345 70 
45 5 350 96 347 93 353 22 346 48 349 5 
48 2 354 76 350 5 
48 2 354 54 351 82 
2 6 355 31 352 28 348 56 351 82 354 40 350 68 
97 5 352 91 351 68 354 26 357 51 350 54 
99 3 355 57 351 54 358 83 
90 3 359 83 355 12 352 9 
7 4 353 9 359 37 356 66 352 40 
1 2 360 92 357 21 
96 6 361 69 357 98 354 95 360 24 356 52 359 10 
1 2 361 32 357 29 
6 7 361 10 358 6 364 35 357 38 360 96 363 21 356 24 
99 4 364 99 361 27 357 24 360 82 
4 1 358 1 
9 5 366 30 362 59 359 56 365 85 361 68 
6 9 366 39 362 68 365 94 368 96 361 22 364 80 367 5 360 8 363 66 
59 7 365 11 361 8 368 37 364 66 367 91 363 52 366 77 
10 8 364 52 367 77 370 80 363 38 366 64 369 89 362 92 365 50 
13 6 370 44 367 72 363 69 366 27 369 53 365 36 
15 4 367 59 366 36 369 61 372 64 
67 2 370 16 367 45 
63 8 371 93 367 22 374 19 370 47 373 50 366 8 369 34 372 59 
17 5 367 53 374 82 370 11 373 36 369 20 
69 3 374 91 370 20 373 45 
18 3 374 45 371 74 377 48 
39 1 378 48 
39 1 376 77 
12 1 373 6 
71 1 381 3 
29 1 378 31 
20 2 376 60 383 57 
69 4 377 37 383 34 380 63 376 92 
8 2 384 11 381 40 
68 6 385 89 381 17 378 46 384 20 380 4 383 29 
73 2 385 52 381 81 
77 5 385 29 382 58 388 32 381 90 384 15 
46 3 389 86 385 15 382 44 
33 1 383 44 
33 1 391 41 
24 1 388 70 
82 1 386 99 
73 4 393 95 390 24 386 53 389 79 
30 5 387 30 394 27 390 56 393 81 389 87 
78 7 394 59 390 87 393 90 396 48 389 74 392 99 395 2 
32 6 393 76 390 5 396 2 389 60 392 85 395 88 
34 4 397 11 393 40 390 69 396 65 
88 9 394 17 397 43 393 71 396 74 399 32 392 58 395 60 398 86 391 44 
36 5 393 89 399 86 396 15 392 44 395 69 
85 6 400 40 396 69 393 98 399 72 395 55 398 58 
90 1 400 81 
36 5 397 10 400 35 403 93 396 19 399 44 
68 1 404 47 
7 2 401 44 398 73 
97 1 402 21 
45 6 400 50 406 79 403 76 399 5 402 30 405 56 
42 9 407 11 403 8 400 36 406 33 402 39 405 42 408 100 401 25 404 28 
46 8 406 74 402 3 409 31 405 28 408 86 401 11 404 14 407 72 
97 8 402 66 409 95 405 91 408 49 404 23 407 26 410 84 403 9 
90 6 408 3 405 32 411 61 404 86 407 12 410 70 
50 7 412 92 408 89 405 18 411 47 404 73 407 98 410 56 
51 6 408 98 405 27 411 56 407 84 410 42 413 68 
2 5 408 39 414 68 411 96 407 93 410 96 
55 3 415 99 411 96 408 25 
13 3 409 25 415 54 412 50 
63 4 413 50 409 79 416 8 412 82 
56 2 410 34 417 63 
52 8 411 11 417 40 414 37 413 68 416 26 419 51 412 54 415 12 
9 2 420 6 417 35 
55 5 421 83 417 12 414 9 420 38 413 63 
8 3 418 66 414 63 421 92 
66 3 422 92 419 89 415 18 
15 4 416 18 423 46 419 43 422 1 
14 7 420 20 423 78 419 52 422 10 425 35 418 38 421 96 
63 8 419 38 426 67 422 96 425 21 418 24 421 82 424 8 420 36 
67 7 425 62 422 59 421 36 424 94 427 19 420 22 423 80 
18 6 421 22 428 51 424 80 427 5 420 8 423 66 
19 5 425 89 421 85 428 14 424 43 427 69 
23 2 422 40 428 69 
23 2 423 17 429 46 
77 9 427 75 426 52 429 78 432 3 425 6 428 64 431 89 424 92 430 75 
23 4 432 21 428 50 425 47 431 75 
23 4 429 27 426 24 432 53 428 36 
76 2 429 36 432 61 
25 3 430 90 436 87 433 16 
33 6 434 16 431 45 437 42 430 99 433 25 436 50 
30 8 437 73 434 2 431 99 430 76 433 34 436 59 432 20 435 45 
79 1 433 20 
42 9 434 97 437 23 440 48 433 6 436 31 439 57 432 92 435 18 438 43 
32 1 440 89 
92 8 437 18 434 14 440 43 436 4 439 29 442 32 435 90 438 15 
35 8 443 9 440 38 436 67 439 93 442 18 435 76 438 1 441 27 
86 7 436 53 443 50 439 79 442 4 438 88 441 13 444 16 
91 3 442 90 439 19 445 16 
91 3 446 16 443 45 439 74 
40 6 440 74 447 70 443 99 446 2 439 60 442 85 
91 5 444 8 440 37 447 34 443 63 446 88 
95 2 441 91 447 88 
95 2 442 69 448 65 
48 7 446 94 445 71 448 97 451 32 444 58 447 83 450 86 
24 6 448 60 445 89 451 86 444 44 447 69 450 72 
49 8 452 95 448 24 445 53 451 49 447 55 450 58 453 16 446 42 
62 8 451 35 448 64 454 93 447 19 450 44 453 70 446 28 449 53 
31 9 454 47 451 76 447 5 450 30 453 56 449 39 452 42 455 100 448 25 
3 9 450 71 456 100 453 97 449 25 452 28 455 86 448 12 451 37 454 40 
58 5 456 18 452 14 449 43 455 40 451 23 
56 7 456 94 452 23 455 26 458 84 451 9 454 12 457 70 
10 3 455 12 452 41 458 70 
10 3 459 70 456 67 452 95 
60 6 453 95 460 24 456 21 459 56 455 7 458 10 
14 2 460 33 456 62 
18 6 460 10 457 39 463 68 456 93 459 96 462 54 
65 2 464 76 460 73 
69 7 464 54 461 51 457 79 460 82 463 40 459 91 462 26 
68 1 460 68 
19 8 461 45 464 3 467 29 460 54 463 80 466 38 459 63 462 66 
72 8 467 92 464 89 460 18 463 43 466 1 462 52 465 10 468 35 
72 8 463 29 466 87 469 13 462 38 465 96 468 22 461 47 464 50 
26 6 469 76 466 73 462 2 465 27 468 85 464 36 
28 5 466 59 465 36 468 94 471 19 464 22 
29 3 469 25 465 22 472 51 
88 4 473 51 469 80 466 77 472 5 
28 5 470 57 467 54 473 83 466 8 469 66 
80 3 474 37 470 66 467 63 
39 3 468 63 474 92 471 20 
88 6 472 20 475 46 471 20 474 78 477 3 470 6 
84 2 472 29 478 58 
88 6 472 6 479 35 475 64 478 89 471 92 474 50 
35 1 476 73 
81 5 473 69 480 98 476 27 479 53 475 36 
8 5 480 7 476 36 479 62 482 87 475 90 
38 8 480 93 476 90 483 19 479 48 482 73 475 76 478 34 481 59 
46 7 476 53 483 82 479 11 482 37 478 20 481 45 484 71 
89 9 482 45 479 74 485 71 478 6 481 32 484 57 477 60 480 18 483 43 
93 9 485 89 481 18 478 14 484 43 480 4 483 29 486 55 479 90 482 15 
96 6 484 61 480 90 487 87 483 15 486 41 479 76 
48 4 481 99 487 96 484 24 480 53 
61 1 488 73 
7 4 485 2 482 98 488 27 484 88 
99 3 485 88 488 13 491 16 
52 1 492 16 
52 1 490 45 
11 1 487 74 
1 1 495 71 
60 4 492 99 489 28 495 25 488 60 
3 2 496 79 493 8 
98 6 497 57 493 85 490 14 496 11 492 72 495 97 
3 2 497 20 493 49 
8 8 497 97 494 26 500 100 493 58 496 83 499 86 492 44 495 69 
6 1 500 63 
62 4 498 92 494 21 501 18 497 47 
60 6 495 98 501 95 498 24 497 55 500 81 503 16 
61 7 498 87 504 16 501 13 497 42 500 67 503 70 496 28 
12 7 504 70 501 99 497 28 500 53 503 56 499 39 502 65 
12 9 500 39 503 65 506 100 499 26 502 51 505 54 498 12 501 37 504 40 
18 3 506 86 502 14 499 43 
60 3 500 43 506 40 503 69 
77 3 504 69 507 95 503 23 
17 4 504 23 508 49 507 26 510 84 
69 7 510 3 508 32 505 61 503 58 509 87 507 15 504 12 
22 2 505 87 504 15 
63 3 508 64 507 89 510 67 
30 5 506 67 510 44 507 21 508 50 509 79 
1 3 507 50 509 79 510 76 
77 1 509 76 
77 2 510 4 509 56 
67 1 510 84 
65 0 
51 0 
