63
68 7 8 20 5 17 1 46 4 71 7 29 3 80 6 38 
1 4 4 80 7 38 10 41 3 66 
54 2 11 18 8 47 
49 8 12 95 8 24 5 21 11 27 4 52 7 78 10 13 6 64 
6 2 11 90 8 87 
52 5 12 67 8 64 11 99 14 25 7 50 
12 7 12 53 8 50 15 79 11 8 14 11 7 36 10 94 
81 8 8 36 15 65 11 94 14 97 10 48 13 83 16 8 9 34 
62 9 14 60 11 57 17 86 10 11 13 69 16 95 9 20 12 78 15 81 
17 5 17 26 13 55 10 52 16 81 12 64 
15 6 17 35 13 64 16 67 19 92 12 18 15 53 
20 2 17 76 13 72 
57 8 17 53 14 50 20 78 13 4 16 39 19 65 15 48 18 51 
73 2 16 25 19 51 
73 2 17 79 23 76 
22 3 18 57 24 54 21 82 
73 5 22 82 18 79 25 8 21 37 24 62 
24 1 19 34 
65 1 26 62 
24 1 24 91 
14 2 21 88 28 17 
63 2 22 65 29 94 
17 9 23 42 30 71 26 100 29 26 25 32 28 35 31 60 24 18 27 21 
29 9 29 66 25 95 32 92 28 21 31 46 24 4 27 7 30 32 26 93 
32 6 28 38 31 64 27 93 30 19 33 44 26 2 
47 9 28 25 34 21 31 50 27 79 30 5 33 30 26 88 29 91 32 16 
34 7 34 62 30 91 27 20 33 16 29 77 32 2 35 28 
85 6 33 2 30 31 36 28 29 63 32 89 35 14 
87 5 37 37 33 66 30 95 36 91 29 49 
90 2 34 20 30 49 
90 2 35 97 31 26 
76 8 35 75 32 3 38 100 34 61 37 86 40 12 33 47 36 72 
92 2 41 66 38 95 
38 6 42 44 38 72 35 1 41 98 34 33 37 59 
93 1 39 81 
40 4 36 10 43 7 39 36 42 61 
97 8 40 13 43 39 39 45 42 70 45 28 38 31 41 56 44 82 
95 1 39 8 
83 5 47 5 43 34 40 62 46 59 39 17 
99 7 44 88 40 17 47 14 43 42 46 68 42 29 45 54 
99 9 43 29 46 54 49 12 42 15 45 40 48 98 41 1 44 26 47 52 
51 8 49 30 45 26 42 55 48 52 44 12 47 38 50 73 43 99 
6 5 48 93 45 21 51 50 44 76 47 1 
9 2 52 5 48 1 
9 2 52 82 49 79 
95 7 53 59 50 56 46 85 49 10 52 68 48 96 51 22 
8 3 49 96 52 22 55 57 
11 1 56 57 
11 1 54 54 
1 1 51 82 
60 1 59 11 
51 4 56 8 53 37 59 66 52 69 
62 2 60 20 57 17 
57 5 58 97 55 94 56 71 54 100 60 29 
14 6 55 100 61 29 60 26 58 55 57 83 59 61 
8 4 58 83 57 80 60 57 56 35 
53 4 58 86 59 12 57 89 60 66 
78 3 61 18 58 15 59 44 
68 2 61 92 60 21 
29 0 
92 0 
34 0 
29 0 
