65
43 4 8 20 5 17 1 46 4 71 
4 1 2 23 
41 5 10 52 6 49 3 77 9 6 5 80 
52 3 10 83 6 80 9 38 
1 4 10 38 7 35 13 41 6 66 
54 2 14 18 11 47 
49 8 15 95 11 24 8 21 14 27 7 52 10 78 13 13 9 64 
6 2 14 90 11 87 
52 5 15 67 11 64 14 99 17 25 10 50 
12 7 15 53 11 50 18 79 14 8 17 11 10 36 13 94 
81 8 11 36 18 65 14 94 17 97 13 48 16 83 19 8 12 34 
62 9 17 60 14 57 20 86 13 11 16 69 19 95 12 20 15 78 18 81 
17 5 20 26 16 55 13 52 19 81 15 64 
15 6 20 35 16 64 19 67 22 92 15 18 18 53 
20 2 20 76 16 72 
57 8 20 53 17 50 23 78 16 4 19 39 22 65 18 48 21 51 
73 2 19 25 22 51 
73 2 20 79 26 76 
22 3 21 57 27 54 24 82 
73 5 25 82 21 79 28 8 24 37 27 62 
24 1 22 34 
65 1 29 62 
24 1 27 91 
14 2 24 88 31 17 
63 2 25 65 32 94 
17 9 26 42 33 71 29 100 32 26 28 32 31 35 34 60 27 18 30 21 
29 9 32 66 28 95 35 92 31 21 34 46 27 4 30 7 33 32 29 93 
32 6 31 38 34 64 30 93 33 19 36 44 29 2 
47 9 31 25 37 21 34 50 30 79 33 5 36 30 29 88 32 91 35 16 
34 7 37 62 33 91 30 20 36 16 32 77 35 2 38 28 
85 6 36 2 33 31 39 28 32 63 35 89 38 14 
87 5 40 37 36 66 33 95 39 91 32 49 
90 2 37 20 33 49 
90 2 38 97 34 26 
76 8 38 75 35 3 41 100 37 61 40 86 43 12 36 47 39 72 
92 2 44 66 41 95 
38 6 45 44 41 72 38 1 44 98 37 33 40 59 
93 1 42 81 
40 4 39 10 46 7 42 36 45 61 
97 8 43 13 46 39 42 45 45 70 48 28 41 31 44 56 47 82 
95 1 42 8 
83 5 50 5 46 34 43 62 49 59 42 17 
99 7 47 88 43 17 50 14 46 42 49 68 45 29 48 54 
99 9 46 29 49 54 52 12 45 15 48 40 51 98 44 1 47 26 50 52 
51 8 52 30 48 26 45 55 51 52 47 12 50 38 53 73 46 99 
6 5 51 93 48 21 54 50 47 76 50 1 
9 2 55 5 51 1 
9 2 55 82 52 79 
95 7 56 59 53 56 49 85 52 10 55 68 51 96 54 22 
8 3 52 96 55 22 58 57 
11 1 59 57 
11 1 57 54 
1 1 54 82 
60 1 62 11 
51 4 59 8 56 37 62 66 55 69 
62 6 59 20 57 17 63 46 61 75 58 71 56 100 
56 5 63 23 61 52 60 49 59 77 57 6 
94 0 
5 1 60 26 
79 4 63 3 62 80 60 38 61 66 
14 2 63 18 62 15 
10 2 63 95 62 50 
13 1 63 46 
19 0 
32 0 
