8 16
30 27 25 25 27 27 34 26 24 23 25 30 27 32 22 29 27 1 6 92 
5 5 3 4 3 4 4 5 3 5 4 3 4 4 3 3 5 1 4 74 
1 0 0 0 0 0 0 0 0 0 0 0 0 0 0 0 0 1 5 97 
23 23 27 24 23 24 22 26 27 20 27 20 18 26 21 23 26 2 5 67 6 59 
36 42 27 29 40 30 42 35 35 27 39 32 41 29 31 43 38 2 6 3 7 79 
38 37 35 43 31 42 29 43 42 44 46 45 29 29 46 36 42 2 7 44 6 35 
26 19 24 25 21 24 19 19 25 25 26 30 28 27 19 27 25 0  
32 36 31 32 24 35 31 36 29 34 36 32 29 36 26 37 31 0  

taskCount: 8 | processorsCount: 16 | shape: 0,5 | outDegree: 2 | comCompRatio: 1 | compCostRange: 0,5 | height: 4
