64
43 5 8 20 5 17 1 46 4 71 7 29 
53 2 2 100 8 29 
53 2 3 77 9 6 
39 6 7 3 6 80 9 38 12 41 5 66 8 24 
3 3 10 47 6 43 13 72 
98 9 14 72 10 1 7 98 13 27 6 52 9 78 12 13 8 64 11 99 
9 9 13 45 9 41 12 99 15 25 8 50 11 8 14 11 7 36 10 94 
81 8 12 39 8 36 15 65 11 94 14 97 10 48 13 83 16 8 
13 6 11 2 14 60 17 86 10 11 13 69 16 95 
15 7 18 17 14 46 11 43 17 72 10 97 13 55 16 81 
17 5 14 55 11 52 17 81 13 64 16 67 
18 4 14 86 17 44 20 70 13 95 
71 2 21 47 18 76 
66 8 22 24 18 53 15 50 21 78 14 4 17 39 20 65 16 48 
69 5 21 42 18 71 17 48 20 51 23 76 
22 3 18 79 24 76 21 5 
12 3 22 5 18 34 25 31 
62 4 26 31 23 60 19 56 22 14 
60 7 20 34 26 62 23 91 19 88 22 23 25 48 21 32 
24 3 23 55 22 32 26 57 
73 4 27 57 23 86 26 12 29 37 
30 6 27 89 23 18 30 15 26 21 29 46 22 4 
31 6 24 27 30 24 27 52 23 49 26 7 29 32 
80 8 31 55 27 84 24 81 30 10 26 93 29 19 32 44 25 2 
47 9 30 96 27 25 33 21 26 79 29 5 32 30 25 88 28 91 31 16 
34 7 33 62 29 91 26 20 32 16 28 77 31 2 34 28 
85 6 32 2 29 31 35 28 28 63 31 89 34 14 
87 5 36 37 32 66 29 95 35 91 28 49 
90 2 33 20 29 49 
90 2 34 97 30 26 
76 8 34 75 31 3 37 100 33 61 36 86 39 12 32 47 35 72 
92 2 40 66 37 95 
38 6 41 44 37 72 34 1 40 98 33 33 36 59 
93 1 38 81 
40 4 35 10 42 7 38 36 41 61 
97 8 39 13 42 39 38 45 41 70 44 28 37 31 40 56 43 82 
95 1 38 8 
83 5 46 5 42 34 39 62 45 59 38 17 
99 7 43 88 39 17 46 14 42 42 45 68 41 29 44 54 
99 9 42 29 45 54 48 12 41 15 44 40 47 98 40 1 43 26 46 52 
51 8 48 30 44 26 41 55 47 52 43 12 46 38 49 73 42 99 
6 5 47 93 44 21 50 50 43 76 46 1 
9 2 51 5 47 1 
9 2 51 82 48 79 
95 7 52 59 49 56 45 85 48 10 51 68 47 96 50 22 
8 3 48 96 51 22 54 57 
11 1 55 57 
11 1 53 54 
1 1 50 82 
60 1 58 11 
51 4 55 8 52 37 58 66 51 69 
62 2 59 20 56 17 
57 6 60 97 56 94 53 23 59 52 55 80 58 38 
62 2 60 61 56 57 
75 8 55 38 62 35 60 64 57 92 58 38 59 15 56 44 61 46 
4 3 58 72 56 69 61 27 
67 2 59 27 62 4 
53 4 62 52 60 30 61 58 58 36 
15 2 62 55 59 84 
10 2 62 13 61 10 
59 2 61 87 62 45 
40 1 62 41 
1 0 
50 0 
