100
30 3 8 20 5 17 1 46 
87 9 2 46 9 74 5 71 8 29 4 80 7 38 10 41 3 66 6 24 
3 3 8 69 4 66 11 95 
44 2 12 95 8 24 
3 3 13 72 9 1 6 98 
47 9 7 98 13 27 10 24 6 52 9 78 12 13 8 64 11 99 14 25 
22 8 9 19 12 76 15 2 8 27 11 85 14 11 7 36 10 94 
81 8 15 88 12 17 8 14 11 71 14 97 10 48 13 83 16 8 
13 6 11 2 14 60 17 86 10 11 13 69 16 95 
15 7 18 17 14 46 11 43 17 72 10 97 13 55 16 81 
17 5 14 55 11 52 17 81 13 64 16 67 
18 4 14 86 17 44 20 70 13 95 
71 2 21 47 18 76 
66 8 22 24 18 53 15 50 21 78 14 4 17 39 20 65 16 48 
69 5 21 42 18 71 17 48 20 51 23 76 
22 3 18 79 24 76 21 5 
12 3 22 5 18 34 25 31 
62 4 26 31 23 60 19 56 22 14 
60 7 20 34 26 62 23 91 19 88 22 23 25 48 21 32 
24 3 23 55 22 32 26 57 
73 4 27 57 23 86 26 12 29 37 
30 6 27 89 23 18 30 15 26 21 29 46 22 4 
31 6 24 27 30 24 27 52 23 49 26 7 29 32 
80 8 31 55 27 84 24 81 30 10 26 93 29 19 32 44 25 2 
47 9 30 96 27 25 33 21 26 79 29 5 32 30 25 88 28 91 31 16 
34 7 33 62 29 91 26 20 32 16 28 77 31 2 34 28 
85 6 32 2 29 31 35 28 28 63 31 89 34 14 
87 5 36 37 32 66 29 95 35 91 28 49 
90 2 33 20 29 49 
90 2 34 97 30 26 
76 8 34 75 31 3 37 100 33 61 36 86 39 12 32 47 35 72 
92 2 40 66 37 95 
38 6 41 44 37 72 34 1 40 98 33 33 36 59 
93 1 38 81 
40 4 35 10 42 7 38 36 41 61 
97 8 39 13 42 39 38 45 41 70 44 28 37 31 40 56 43 82 
95 1 38 8 
83 5 46 5 42 34 39 62 45 59 38 17 
99 7 43 88 39 17 46 14 42 42 45 68 41 29 44 54 
99 9 42 29 45 54 48 12 41 15 44 40 47 98 40 1 43 26 46 52 
51 8 48 30 44 26 41 55 47 52 43 12 46 38 49 73 42 99 
6 5 47 93 44 21 50 50 43 76 46 1 
9 2 51 5 47 1 
9 2 51 82 48 79 
95 7 52 59 49 56 45 85 48 10 51 68 47 96 50 22 
8 3 48 96 51 22 54 57 
11 1 55 57 
11 1 53 54 
1 1 50 82 
60 1 58 11 
51 4 55 8 52 37 58 66 51 69 
62 2 59 20 56 17 
57 6 60 97 56 94 53 23 59 52 55 80 58 38 
62 2 60 61 56 57 
67 8 60 38 57 35 63 41 56 66 59 92 62 27 55 52 58 78 
65 9 63 4 60 1 56 30 59 55 62 13 58 64 61 22 64 25 57 50 
69 8 59 96 65 25 62 53 58 50 61 8 64 11 57 36 60 62 
20 7 65 88 62 85 58 14 61 39 64 97 60 48 63 6 
71 9 61 48 64 6 67 9 60 34 63 92 66 95 59 20 62 78 65 81 
77 3 67 26 63 55 60 52 
19 3 61 52 67 81 64 78 
68 3 65 78 68 35 64 32 
76 4 65 32 69 90 68 67 71 92 
28 2 69 44 66 41 
24 8 70 21 66 18 73 47 69 76 72 79 65 4 68 62 71 65 
32 9 66 59 73 87 69 16 72 42 68 48 71 51 74 76 67 2 70 37 
35 8 72 82 68 79 75 8 71 37 74 62 67 88 70 46 73 49 
86 8 68 43 75 71 71 100 74 26 70 32 73 35 76 60 69 18 
12 5 74 12 71 41 77 38 70 63 73 21 
89 7 78 92 74 21 71 18 77 46 70 72 73 30 76 32 
40 6 74 7 71 4 77 32 73 16 76 19 79 44 
91 5 74 47 80 44 77 73 73 2 76 5 
44 3 81 76 77 5 74 34 
34 4 75 34 81 30 78 59 74 88 
42 7 82 8 79 36 75 33 78 91 81 16 77 100 80 3 
97 3 78 77 81 3 84 28 
46 4 85 28 82 57 78 86 81 89 
98 2 79 40 86 37 
94 6 80 17 86 14 83 43 79 72 82 75 85 100 
49 1 87 23 
95 6 84 52 81 81 87 78 83 61 86 86 89 12 
100 2 84 15 90 12 
100 2 85 92 91 89 
54 7 85 70 92 66 89 95 88 73 91 98 84 56 87 59 
54 9 85 33 92 30 88 59 91 84 87 45 90 70 93 96 86 31 89 56 
7 6 91 2 87 31 94 28 90 56 93 82 86 40 
31 4 88 62 94 59 91 88 87 17 
59 4 95 36 92 65 88 94 91 20 
63 1 89 71 
99 7 96 68 93 97 92 29 95 54 98 12 91 15 94 40 
61 8 94 63 91 92 98 89 95 18 93 46 97 72 92 98 96 55 
54 2 92 49 98 78 
100 4 93 26 96 4 95 29 98 7 
52 1 95 58 
57 1 98 35 
11 3 98 13 97 41 96 96 
83 2 98 96 97 21 
73 0 
19 0 
6 0 
